640 4129 229 675 464 2301 8551 11966 1729 3993
210 1372 9322 4607 4795 826 1292 550 667 1403
347 3389 1420 2725 2386 5532 9835 4022 18628 8833
7365 17014 695 602 5968 1388 7510 17015 5227 9035
1050 456 6639 114 4576 5040 11970 3429 10466 11335
3183 1049 1166 1415 6084 16924 351 1813 15029 14050
1325 18692 6432 5264 5120 4143 1224 1524 18691 5266
1009 647 1842 8717 8715 8716 3013 806 2285 5621
410 3334 577 9995 17431 3666 569 12798 14818 12733
693 2767 885 7405 17073 16633 476 8983 8987 8988
2528 15063 318 5403 12745 9513 3360 1155 12381 18103
806 10013 5 817 2700 557 3376 9047 7949 17224
1132 4841 1075 601 5792 4672 18475 12023 841 835
3780 37 2803 84 10774 807 7964 1324 7757 7875
8476 222 1304 2810 6422 3988 16107 523 13397 16084
310 2153 2785 114 12212 6017 15531 5049 3427 11577
3429 4446 7004 1554 1509 1132 3404 8344 9142 13146
4079 705 4084 3966 1282 3556 4096 4531 9003 2307
4122 2279 3585 3760 4120 4121 4124 4142 4529 4260
2076 4245 4418 10038 7583 4896 7582 10199 8186 5106
5659 8341 9948 637 9885 6083 6443 6060 776 9590
587 1030 998 1382 347 8304 17113 11970 1085 1932
2210 16612 404 11416 439 366 7815 243 14134 3298
1472 817 6098 8733 657 138 1457 7685 2916 4977
7606 3212 6601 2614 14837 5284 628 8427 130 5849
339 675 140 700 4324 1178 1729 472 688 1371
680 108 1009 3659 11303 13253 10997 13638 6777 8631
1205 229 1150 1214 1206 1213 1212 1204 1219 1210
1842 141 2295 3841 809 2000 480 3508 14868 18048
2232 1580 7821 6939 2794 4531 3212 7742 8910 1139
280 3332 4338 8141 15244 9425 10415 1467 9608 3359
5573 4861 1319 927 7359 483 335 3563 3263 7393
10568 2661 8937 10577 7427 76 16270 10033 9940 502
324 4382 340 1163 2274 370 4461 417 5961 703
2016 4009 3845 2998 7317 773 3617 14576 7809 865
1682 1236 4021 64 13390 18629 17228 17974 9807 17241
7180 3964 18326 9020 11376 7959 14060 2321 18468 18160
1332 6864 16207 1191 8040 14936 664 6336 17739 922
14108 3838 6618 10076 13957 13101 122 7618 956 6068
795 827 876 944 549 943 794 363 829 832
198 602 4163 3991 1399 93 227 6032 77 4162
44 609 146 164 70 307 1374 250 141 91
1394 502 10541 1557 3460 9247 13908 6329 732 9217
76 77 700 403 952 1380 2772 545 2802 519
12775 4531 2080 1092 15549 11381 859 1154 2328 9684
2159 279 3147 10073 16361 14207 333 6596 2000 10090
751 4535 103 2711 1381 67 6109 18009 5554 14228
840 15794 387 17839 944 9049 5478 5868 1569 1281
5651 5784 3799 307 200 1103 2100 2695 2099 4841
3500 6050 1423 149 700 7571 6528 14665 487 201
663 1 1059 2083 1297 5088 1122 5084 15559 6183
1947 295 10551 34 2509 18387 8903 3805 7528 10622
95 3522 16766 2311 2824 7028 6440 3662 1000 3568
532 12024 5978 28 14829 17147 1595 10123 10419 2629
13581 5644 2820 13668 1202 9343 14757 1324 9965 134
236 5 3759 2266 137 1941 8546 6509 3414 14218
6683 5060 1411 16267 4516 8644 8159 2400 17615 401
675 277 894 4716 2589 1387 3230 1989 2113 1374
1113 10966 3083 8146 1124 13934 12847 12698 15048 3766
8081 3967 1755 14826 471 3799 3566 186 1654 10548
2161 1053 1191 65 14771 432 5821 14828 6437 134
1739 8302 1960 3205 1552 13114 13537 18191 1449 11050
1207 2067 6321 2439 47 77 2517 41 7555 1600
1469 1936 7049 8529 7862 2313 2191 7737 9385 4281
95 6014 490 15820 2509 377 16838 6651 7459 7460
825 339 7815 11238 14436 2121 6099 1868 5332 5082
1848 819 6436 6460 6740 700 1828 2401 8554 17894
104 569 100 290 2506 1934 2872 2438 823 1615
269 225 245 264 224 237 246 129 279 95
1391 575 5114 222 1357 13548 2915 3482 10035 7024
2569 580 9402 2717 2258 77 1988 812 1219 4455
4445 269 410 4768 3807 2756 4459 843 4458 4791
90 11584 7880 3026 6431 11579 18320 3420 18717 472
497 3341 1554 13243 14312 17761 12825 1366 8719 13685
277 494 8176 220 5083 12367 12177 12662 8192 210
3365 676 2012 335 2272 1433 1062 2844 10071 4122
14 1588 3820 5241 262 5269 16292 220 4503 2568
3783 7774 894 7775 2085 7778 3706 371 2506 1331
809 5684 11536 7050 198 42 37 3369 1801 8670
369 69 5043 5071 3677 16917 1159 142 2991 1231
1137 1207 1224 1216 7412 4172 2622 7984 2897 15517
985 4617 957 695 4814 4815 4870 4872 4518 4877
7965 497 5598 798 63 11023 6810 1491 289 17876
625 478 4042 8693 16338 9607 17247 13131 6204 16098
1609 432 3805 563 18779 3125 576 2820 1213 6338
1491 9940 5488 18278 15215 9429 3781 9474 5370 12223
5270 22 159 185 823 1021 473 128 245 5196
16919 12781 525 4086 569 14734 14736 9743 3485 360
63 2273 823 1433 5008 16134 15224 3457 10503 3393
3576 3893 2578 3517 2616 11401 2086 3569 6720 2321
9250 656 3480 870 1229 471 294 18575 12440 15643
3456 1183 13457 2781 922 1450 13465 11802 16578 1816
1382 2566 917 9867 3294 2565 7947 9873 10087 281
85 14016 13473 6267 3049 916 2780 9538 13474 3618
855 6 370 676 10309 4529 11413 13739 15633 4062
1604 2335 6254 3761 4645 4291 3538 14176 4245 6991
481 1519 439 4047 224 2701 14957 4676 1154 1456
1983 5608 1762 3777 42 9365 381 18371 39 3876
1034 524 4044 5436 49 1585 481 3795 438 164
1321 4999 1770 3866 1360 235 7054 16676 18703 1317
1186 244 2285 2265 109 552 1828 2672 2065 1105
95 581 185 553 559 3872 1393 8132 136 10365
1465 8009 6095 5617 622 9361 4759 10105 3941 4183
218 216 217 214 20 2141 15 2142 1178 1794
4736 1225 2588 5857 17322 8614 5792 6122 5918 481
6 168 28 44 339 285 349 146 346 104
88 3647 11869 2270 7995 12827 6501 3574 1143 4162
347 1055 2490 198 5889 3830 13263 2640 3077 2908
1486 5662 3784 7053 5151 9150 8252 1382 10637 13981
2569 3332 369 135 4568 5973 3886 3995 9828 17537
217 17931 5360 7933 8019 49 17945 17937 3588 11163
3420 2298 6007 2325 3848 3860 681 3896 351 1457
5108 799 1997 5261 9076 1832 2394 3074 9436 285
619 9653 18374 4054 1899 14294 643 2486 13045 9050
1964 1371 991 10173 10172 1967 1965 3790 3791 339
622 5279 2594 1519 13973 7296 183 1608 11704 2231
342 4568 698 5899 4708 6941 8282 7301 6805 17389
25 1216 674 57 1387 920 2589 254 2854 404
1609 1360 13082 96 7567 2506 6899 13085 231 339
5952 219 4987 537 289 1193 647 3207 1884 13724
1 4979 1115 7435 2708 1633 15308 363 14189 2709
1879 2084 16817 17464 2709 17118 3463 134 14764 3331
2245 5346 94 919 6316 9067 6993 9750 9065 6501
659 30 460 1249 16176 7496 1666 11350 1313 8428
832 355 15146 1069 12127 2736 4174 243 4682 16125
6431 4530 2273 888 394 8767 2019 5534 1124 73
5265 1336 408 1132 16453 735 4847 5924 343 9679
3393 132 3294 6807 10310 602 9155 4370 4752 9545
520 11522 16392 583 5867 1016 4181 3810 3580 189
237 50 242 3429 168 3462 767 37 8434 565
146 724 722 3623 7933 640 2616 894 598 16310
1592 14309 14310 1128 817 2681 4141 2672 563 781
1154 5795 5185 2300 1324 6456 7412 3332 5908 15615
4550 8685 8684 1156 4102 56 4046 13 3462 1186
1 735 410 15 8282 2406 1320 1729 2285 1009
636 1332 2089 16180 1285 4996 4046 6429 7964 16193
3617 2035 3629 4469 3866 2300 4481 2948 4474 636
1977 555 575 432 396 1914 6423 1324 5423 2386
10435 10436 10437 1499 2172 4469 6095 5929 1166 10451
1114 1489 2172 499 315 2749 1537 5432 2406 1483
823 2216 6364 103 9675 8200 2120 3712 246 3294
1419 496 10295 2552 2688 14881 3069 17602 16939 6284
2034 1812 292 3506 1987 8300 1553 140 2126 9749
1647 10160 4711 7289 15720 133 14300 3872 11122 5639
228 789 387 798 230 801 8262 8261 8282 761
3011 5629 1420 9170 933 7459 16397 132 1319 612
1412 6075 1 4132 5378 1218 14342 3572 2201 1326
6501 6480 135 3014 1566 6479 1049 2805 6495 3760
8326 38 6560 5534 5490 2055 3890 17099 10465 4287
4388 1261 730 18049 15310 2157 14078 10913 4506 34
346 340 5162 5112 1335 1564 2419 17348 8155 920
4469 5596 5533 13322 497 1677 14147 14073 9275 376
2255 495 96 894 1989 3230 1102 1361 1980 2427
532 1292 5346 241 2895 5168 2988 6077 4441 15165
408 209 5586 29 445 1864 6803 108 3251 864
2211 164 1988 2767 3579 7949 3684 1419 13640 1247
2928 6431 4579 273 5370 2241 13013 5440 13100 14130
2667 9208 643 3949 2047 18022 2298 17456 4443 1321
335 14191 11622 1485 3810 180 6098 13162 10124 10851
4223 3471 3645 4320 4224 1957 4222 9 4321 4264
851 53 1050 12950 627 7019 1733 1805 16263 15977
2103 2106 2104 2102 2107 1962 5918 1967 1964 545
721 411 8281 3827 3375 2993 11717 10047 1132 2303
607 4591 5274 2461 3748 33 2585 17441 687 6500
1049 643 1320 432 12973 4162 12966 12949 3486 6910
451 1517 5964 3811 963 2566 546 14464 1537 3364
846 3758 307 2485 919 3852 9074 14003 12516 1469
561 15 1293 18584 1600 16215 5867 6280 15460 3634
5107 9668 8343 11689 2075 1355 14560 5764 15166 3867
3876 2798 3720 3706 1738 1158 17372 1448 5639 3062
287 1189 1766 3486 3795 4143 8323 242 2441 219
3826 1868 1478 456 10004 1696 8719 6094 11955 2301
4250 4243 172 8397 12090 5651 7191 18716 535 750
2107 688 10140 109 3013 1565 773 7779 10142 10141
7618 580 339 1432 1462 427 8352 7575 2513 3313
566 392 621 356 5507 657 15 18192 1471 16872
2451 4649 4518 5020 5423 7268 10034 10259 3506 2887
597 5987 3785 4086 8263 1234 49 9062 3786 11100
5972 5612 2631 3372 970 896 18768 1523 5350 8659
1374 582 10320 7938 12418 14771 5821 18655 59 1228
1049 1970 5895 3008 751 936 3877 656 559 1557
3073 14890 198 14891 5 10803 6610 17758 2088 9508
4029 4028 1283 15451 15447 1280 18701 6424 632 18690
12032 219 166 262 2761 2844 3864 434 2795 15418
236 9468 1729 13666 362 5240 9523 18687 5225 8625
4841 14602 5543 883 955 11508 575 1936 3750 9831
6 44 1 5 164 14 20 9 49 15
308 6601 3896 13918 3827 14204 5056 6789 6225 2004
7390 243 3241 1666 4577 2625 3541 5152 3085 11945
14901 11461 12951 14966 629 1813 1542 14262 2274 699
288 301 17148 13423 8609 912 6848 133 1509 4539
5265 7850 2505 2193 893 723 5144 4453 9347 6926
2889 777 7178 765 43 9418 10271 1023 290 8405
6036 1559 513 11536 2328 15317 214 4586 628 14159
1361 4338 4531 13721 6481 12677 13826 13580 18200 16993
75 3037 3886 1130 3862 4046 2321 6863 14105 110
874 12346 14795 7134 167 219 9634 1991 5194 12343
2113 669 1293 7880 12079 12862 8177 3868 10342 5360
602 3193 4405 10336 2646 2094 14058 1061 564 12470
1 14 15 20 5 9 38 597 39 346
5208 3720 413 2174 2028 16586 6499 16989 6161 3400
3706 4797 14850 6159 1580 6097 7174 3949 13847 3297
1393 2701 1240 1501 5502 16088 14682 1411 11705 6698
885 2532 3875 7385 10480 16742 2246 835 10485 3490
18053 16770 180 7707 12461 10569 9127 3069 16776 9642
766 93 759 253 2579 765 854 764 758 769
960 151 5233 12606 14400 8795 18395 709 3365 5442
10331 4132 927 1170 9428 1652 7874 6734 411 3189
18021 174 17552 4364 18632 2250 6587 6126 17600 11582
7586 2542 3485 973 467 2075 3149 12416 9415 13303
1344 1371 1373 2061 869 1379 1216 524 1345 1356
575 1979 2097 1386 10843 1013 3456 2272 1450 11341
609 28 54 87 70 362 340 129 236 141
5684 7161 16208 14567 738 5933 5060 51 4586 266
1370 84 253 5174 1688 3695 1320 90 1763 3708
94 168 5373 12184 715 3420 9895 4828 18100 17752
6299 1462 2015 3331 2338 8874 17023 15045 2084 3566
609 481 844 788 146 741 85 957 1261 641
5403 467 4391 5607 13471 17151 16173 3432 2927 6897
1510 189 1623 1037 637 6930 11061 11633 6921 1145
513 3375 1265 18410 2061 4451 634 6298 4151 9131
455 14790 4989 2754 15285 571 14800 2300 13856 5134
625 8789 1 1836 1793 6915 7233 3502 5208 3660
481 4052 642 3365 1095 3447 37 1471 2915 700
1337 5654 7823 6897 15487 2704 11515 14046 3299 16083
1299 3820 351 13241 1550 5684 1897 3500 12318 2485
356 1020 1848 14244 16204 12405 15013 18631 7521 4584
211 1394 160 2987 16548 16549 1599 16558 644 16561
1268 1269 1278 1283 1273 1266 1267 1315 477 1247
1225 2057 5869 1471 390 1433 2035 1729 457 6233
3333 10190 6773 4645 16983 6064 10932 3010 12860 1672
2740 1058 1810 5384 2403 4154 8762 17090 2018 5062
6652 6654 6653 1219 933 4771 4868 318 3747 8016
4101 490 1224 13950 7253 557 559 7751 7467 566
318 129 169 324 1836 1434 483 4862 4448 1580
2524 59 3789 7053 4015 17196 475 723 12245 16958
871 5876 244 1418 14742 17725 17887 5845 18405 1508
3830 70 16757 3997 15383 4780 17761 1156 569 10853
5678 4043 2513 2631 6440 2258 6776 16734 110 3987
4834 4818 84 39 481 1603 7989 511 9499 14379
2274 3623 1332 1777 8340 32 3446 2995 348 2243
7351 1448 2906 289 3591 69 4086 2017 8743 7721
60 694 1433 2601 672 1186 688 1282 1738 507
834 87 3093 18805 1532 6189 3944 8899 5285 18036
445 4999 9996 8573 9429 14128 2644 14132 3886 10562
1923 3978 4023 16110 4595 4340 2441 10561 6095 2784
439 46 7418 1155 4005 6140 5381 4303 1020 5285
881 14079 176 9858 18123 1061 13318 17178 17806 11045
1986 2113 288 10819 473 14680 8322 412 6333 1324
1034 536 17115 6247 1826 8110 15247 15189 14164 8673
431 576 688 156 471 750 52 1759 2928 4301
1462 1449 3468 120 8706 3272 17005 5635 3582 2304
609 1970 9005 2753 1400 382 9004 2015 78 1977
4303 1193 11178 90 3853 8404 5072 7844 4376 13034
69 547 17714 2805 15017 7553 907 1328 830 1541
2872 949 816 4599 7314 2415 6416 6704 12115 2116
2065 7823 17341 2492 4845 16324 10429 4881 1373 8001
4045 1840 2606 1188 63 4443 8773 6424 17160 16715
1604 2867 2982 133 182 11487 7169 16395 2916 10390
1061 735 5 4133 809 1138 2495 1419 9623 198
426 866 354 14844 5475 9775 12181 5240 15506 4756
2052 1774 1564 14952 5063 2012 12684 16220 1420 14341
287 927 1098 8309 829 2887 1832 13855 6281 9753
537 240 338 1892 1641 87 773 9192 1075 1802
10020 4304 6302 10703 9986 5107 3178 9982 491 13823
11571 7796 5134 1413 955 6379 7712 1837 9940 14801
3692 65 2795 15133 5621 579 1424 957 2124 6953
4771 2496 3207 4282 12513 18683 1605 692 4501 3331
1787 2018 3826 3450 83 3073 2036 12991 2609 16486
6346 2490 870 891 17172 18699 8931 8933 129 18689
243 6754 78 5119 10061 9536 15557 1871 15697 1818
773 437 432 3331 653 6636 472 5619 1164 14290
400 4579 15697 3087 5543 6871 1224 1145 5940 2483
133 227 11657 4469 405 361 12738 2232 13686 9342
9 501 2386 8060 15036 11340 724 12885 7812 4157
833 1337 8024 1699 8025 7469 1115 3187 4000 2904
708 5501 5502 1164 473 4231 1165 917 945 4232
3927 15912 12442 10922 1133 4974 4234 634 4908 6567
1103 1102 1130 1110 478 180 927 3301 244 1141
117 12210 13771 12476 667 13448 6016 10914 1291 36
3899 10567 641 1814 8171 8471 14047 14045 365 17393
4303 157 5967 2416 2172 2931 16398 76 2503 2501
3806 1254 449 18098 2087 15148 7239 9594 10094 11500
6480 2126 1320 3568 229 15734 13711 861 1437 13818
2274 6008 893 2656 3063 1957 380 5986 2639 705
1 4543 9 4515 177 179 8500 10035 4893 4586
2052 308 2585 138 1727 14001 6440 5176 675 805
2795 3688 15909 5002 8196 2638 4009 3420 1461 15462
52 1989 1990 3135 160 2928 3855 7753 929 1615
129 2323 2083 6904 6905 229 5166 5165 6903 2717
5120 451 2831 4574 1068 1237 2706 2276 4938 688
2403 10487 14 4306 5639 1296 6521 10489 10271 6596
33 18000 5267 1164 3574 1226 7606 704 137 7410
9918 3496 7850 4288 4987 18373 2123 3499 361 11116
1986 15251 6354 11497 4510 12671 12754 2602 11058 15428
459 91 431 657 4235 360 4234 1472 1142 3370
781 2121 95 17875 1672 1138 2335 1867 3211 1203
6011 7484 3576 1223 4449 3486 3065 14874 15733 2506
4591 3375 10301 2433 1501 5302 12291 5445 14509 8186
874 12788 2965 12521 16284 35 2159 9455 866 14880
1128 1075 912 5267 1801 10904 4734 2499 1009 63
3866 3102 1066 16218 1456 2426 7025 16214 17962 16798
906 2675 3743 11132 4382 497 13916 2476 10623 14173
4239 1770 6675 9535 912 6366 12176 5440 1370 3350
499 3854 3838 11748 7096 6590 10794 14210 12321 11399
14072 1005 3858 4676 12979 9465 4771 6995 10092 1293
18372 12928 5554 14069 24 2726 8637 2639 16041 634
2886 367 14110 1107 6432 909 8878 2633 12330 8278
371 4208 4738 185 4213 18199 14346 6982 503 10088
339 1015 3430 944 14259 6886 9831 3120 6157 18196
11668 1 2229 4198 7532 1382 304 1021 188 4904
3688 1476 13396 1961 73 16011 16286 3073 2116 1381
2194 2820 11574 18157 1720 14820 4979 17289 533 5277
4333 1059 7648 3203 861 12097 14672 8936 2639 12666
161 5910 199 163 162 193 202 194 165 166
6239 4199 1555 13542 10851 9891 13217 2217 39 4945
234 67 11780 4665 11131 254 5866 7817 16591 7385
360 3862 1023 308 1324 2867 13472 10467 8328 70
14 5158 1102 288 5175 9164 7620 636 9447 4077
172 10182 2061 17016 14384 4047 2114 6376 1977 12250
644 515 1696 1751 7850 2252 12315 1457 2243 2312
137 562 8342 1 185 13060 14293 4148 2633 4441
3014 879 5120 4838 6500 12759 10104 12753 1888 4944
1595 1069 3705 2386 13866 2556 1386 10207 2086 10326
4011 1411 956 1342 1963 1069 1989 14187 4675 9606
7386 12482 470 1005 7505 1580 6084 8041 888 490
648 464 6754 780 17654 16585 4151 566 6151 9969
973 5381 18031 1178 1698 359 9976 16791 10856 10775
3205 472 4288 147 4548 6638 5796 16283 9014 4987
200 2953 489 32 14292 16186 2325 9889 124 266
223 7361 933 8847 85 1457 868 18028 577 1122
382 2208 72 1396 1927 602 2311 4543 17983 9549
8830 787 1394 3979 3977 1901 8053 3163 12774 711
395 6356 3862 1242 2587 1156 477 288 3358 8253
15522 5123 12741 7444 6292 630 13870 7553 15526 6243
1270 3345 5262 7280 2575 287 1045 1372 3484 2416
198 1468 4694 376 1028 4591 4702 1440 5442 479
1030 9510 159 14534 6590 1665 5573 1376 10625 8631
8653 1336 2030 1201 2013 1092 2569 3988 870 4709
9 262 956 6357 15707 16787 6348 934 69 7017
2888 1762 17741 2302 521 4391 708 339 6280 17751
3706 6926 1155 411 746 361 18386 12120 15926 635
64 2155 9486 669 1997 310 4392 9527 9509 3930
342 349 881 7932 6535 3501 3495 5058 2612 14467
2740 851 1977 1947 5403 553 4169 43 1654 14143
1068 3805 3715 627 2832 3415 1409 351 12740 11414
2176 757 2181 2180 2179 698 210 831 756 211
2100 2137 2815 9437 8769 851 2107 9159 2443 449
41 96 1192 2155 920 64 2152 1110 2149 99
498 1991 2119 2483 9159 2504 6529 577 11575 3774
576 516 635 473 788 147 4818 105 1176 4828
2717 15131 400 146 95 3533 2589 17899 8556 7392
1828 189 432 8326 1633 7830 392 832 1678 6165
1989 12195 6848 6847 144 12185 5039 445 4402 21
93 9260 2276 3522 16115 4691 15056 219 467 51
76 6434 855 180 751 4111 4340 8040 6394 8891
3454 2569 311 8501 4259 762 13343 3715 17435 104
4132 7978 16759 5340 48 1326 6588 135 10402 1382
8 168 1192 236 10639 280 1329 272 60 10635
6321 1627 1460 5357 2323 41 752 2561 3553 1440
7926 2107 5999 28 6261 826 1160 727 2323 17672
625 2072 1623 241 644 11777 1328 179 865 5711
3682 1687 280 7412 5556 7545 7190 1162 3859 16801
360 1188 374 1163 1171 1170 142 1169 362 1173
478 9608 1002 16914 8555 7821 7962 127 18307 3065
807 559 2159 5295 2523 11075 4762 2476 6571 18165
1013 598 629 3683 1824 6403 13000 8709 2248 10465
6421 7201 6280 4262 13693 4174 10519 15950 500 10473
182 2528 3703 1104 662 5463 466 6118 5910 7153
197 1002 4497 1293 3248 13268 13325 9387 15427 3422
1093 5606 3033 1252 5653 15957 15964 11948 17374 830
164 5305 8175 1015 392 188 9419 1117 12310 5682
2364 2662 751 6685 408 6666 6665 309 3538 6690
1500 642 6897 1816 11180 2987 9256 14392 11145 18355
1095 1985 5794 3147 566 12043 1794 9891 1007 12892
4565 235 4553 4566 4569 4552 11577 236 482 2053
53 1247 3524 3656 14372 3431 15675 15491 16532 8168
3486 1332 1385 17457 9468 81 1306 11881 3085 3396
10396 1605 10386 4337 5526 7311 10382 709 10383 1137
1484 220 14541 222 17220 814 3932 1178 17216 1051
622 3820 11041 745 732 1388 5139 2911 18539 7679
11738 6688 549 451 583 11737 13139 240 1934 2335
4174 636 1557 14010 170 154 5423 6424 8033 15340
6431 363 13930 6602 351 5058 17291 18404 10528 7959
3639 1286 9531 1330 6437 1391 12547 2851 917 13002
787 473 1380 5174 1989 688 9471 9470 2476 3817
509 246 159 333 7719 12756 6251 9383 1907 334
1828 563 1145 109 641 1142 129 675 62 1989
283 5652 1155 1260 2068 6020 46 9139 16404 11499
2265 869 10652 2703 3059 4662 10932 7300 7096 636
2017 636 873 8729 834 7985 9615 476 946 2423
537 1432 11190 3685 7205 8631 289 4425 9547 12789
9304 4855 4673 722 6603 3917 7060 2606 7960 4972
4 2083 4808 10363 622 5963 358 1829 37 18154
2526 2192 7867 78 1914 1645 17357 16981 9503 1057
2211 264 5838 3467 7730 2475 2500 11905 8165 77
457 4587 16856 16949 16948 17506 2718 1059 7161 5669
5442 1485 7703 7609 5928 1450 17012 7006 1521 6416
7108 2149 10962 11040 17020 13964 4867 3284 11044 3135
2112 8912 14441 7737 289 14440 719 9404 473 792
3420 1930 1677 477 1183 10780 3016 437 9061 15794
11977 6116 1275 11975 11976 695 9101 2386 1391 11973
1252 2521 2087 1807 1599 128 15243 548 12319 5758
105 1011 1383 9676 1001 16179 408 869 1323 7647
6658 257 809 480 78 367 1900 3460 2756 6702
2065 1282 3686 1501 5755 817 2644 18745 2246 4572
4535 5543 5547 255 1125 4008 11370 153 9788 4636
318 10628 1840 14912 2659 14282 8148 8008 2785 11790
90 879 6095 5726 852 15871 17403 13544 210 7957
7166 10831 177 1127 12127 9030 16945 432 8737 12130
82 225 773 1643 1356 5532 5317 5874 3108 499
7647 1225 5157 1058 242 16002 8187 8045 2928 6132
2718 5284 559 3618 2899 728 9078 13478 3851 5079
4624 3362 3304 52 8971 5953 30 3894 6981 3591
4664 11675 998 1155 17705 2498 4140 2691 32 1829
48 8148 3189 5 4377 5741 12884 7881 17249 8158
76 5481 187 9273 3884 10530 5041 17303 422 8868
50 501 571 4547 4548 842 10005 8367 4549 4550
159 10602 738 1882 242 394 6489 8342 1797 577
2517 1110 10564 5868 7337 6351 4747 914 4077 10556
249 742 492 1 11131 11787 471 32 3355 10621
1848 4397 102 228 11475 3193 363 7365 6846 1409
597 7431 2308 1398 14237 1578 701 129 357 10100
12596 2695 410 9158 2304 15733 8403 279 18323 11632
616 901 8520 1074 6941 8676 15678 13102 5334 6018
4367 9001 180 304 698 3985 13972 2260 6022 7187
2203 494 4044 439 435 8816 2195 9598 2609 1592
130 4299 262 517 6018 17766 17764 11553 18250 13540
9220 4538 10882 91 62 14356 3013 4568 1096 13025
5866 5481 1132 1643 7357 2092 6405 429 4467 30
497 1037 6774 894 5451 8144 17485 1313 18308 14012
4020 1383 4506 4110 812 2500 3158 10770 1432 2712
1303 132 10730 586 7270 3535 382 1026 502 7236
3886 512 2288 2247 4367 8353 3707 1022 3375 2211
3705 348 8878 8022 2607 1464 5908 2988 7569 737
54 360 50 410 271 362 494 481 340 105
5007 25 2601 1138 4340 5013 5006 738 4060 5011
2012 1565 1285 4140 7837 4586 2400 17437 5792 1058
3580 623 516 15966 6487 15466 5549 5653 16641 15927
957 1440 4162 3688 1178 461 2476 1438 1466 1439
5908 4654 461 1409 6639 12996 11940 11942 3502 502
1411 553 12976 8681 7180 7418 12899 56 17111 18159
1520 74 741 13255 33 1578 581 3637 1738 3368
2840 31 1848 78 11004 3674 4273 1399 6775 12799
407 1178 3497 1842 62 129 817 812 8498 1934
482 144 1641 1114 2289 5557 11665 11664 983 1814
182 2000 5058 3886 5 351 7833 4286 4899 6015
417 2057 5585 533 10709 18251 9541 9686 985 18255
9985 727 7518 6433 137 920 12963 9368 1004 1319
2120 250 5496 7692 3705 563 533 2991 427 713
2441 4743 5080 5077 7465 3772 451 6784 5081 16688
505 1009 765 3930 12612 4001 15016 3979 16954 4048
1464 355 13759 2585 1785 10462 2822 2463 2334 14769
6280 1565 7379 7029 809 13102 10240 8455 1794 7541
5250 227 2300 7520 5406 2401 2005 7683 10719 1838
875 3460 765 11423 2656 2154 9934 9935 843 329
6105 3293 3417 2406 586 1001 929 7039 501 1137
6239 602 2534 5699 2313 6233 460 6244 6246 6247
1489 4531 1519 8141 983 999 7180 12964 8696 491
571 6819 154 1243 22 13228 7693 3425 126 1967
10747 356 9736 5330 15381 15382 7474 7091 9290 18400
1960 10793 4681 675 5977 14796 3656 7033 1569 3426
4044 5948 47 4267 18398 2232 15018 135 2126 12433
1570 20 17736 16062 2647 17450 701 9271 38 17666
433 4738 5793 476 767 111 3358 254 7904 7714
2153 1267 2595 2151 5038 1399 12779 17968 11806 9667
9 5490 5457 3574 47 3157 62 7224 7231 1367
742 5764 2171 5745 4720 18254 17630 3480 12378 3559
5633 4442 7093 8327 17732 3704 9943 11796 1159 2918
1829 1292 13249 1921 4407 1741 8051 2444 4065 1800
456 8427 520 9784 2127 13165 14167 385 4314 1940
13029 53 2940 3666 4692 3918 1968 2227 14241 284
1269 10699 355 7658 4755 1606 290 12696 14031 12478
1688 3747 150 13497 13498 246 2342 5889 857 2152
2925 4534 3237 9629 5930 6503 14153 1720 4787 2297
1983 2364 1807 6540 8035 16490 2822 16488 17535 4303
513 1606 3820 5745 2233 8562 3299 536 7286 1409
17718 3690 12487 8028 479 17964 15029 18759 1009 530
620 2928 6894 11465 57 859 8694 6934 13883 842
325 3826 11029 5143 238 7584 1117 3615 281 385
1088 5582 3916 12155 9143 15527 3500 3497 1653 8180
185 4027 3180 9636 3720 5534 580 15786 10565 7613
3796 834 1046 149 2658 7467 886 3191 13532 912
2787 101 403 4392 226 939 5268 1075 2519 10095
5889 10672 1254 78 2076 3282 1432 660 1892 8933
1499 9894 1950 371 9717 1374 9003 4525 6095 138
96 6290 7378 86 2966 7322 3083 2541 16888 8186
2160 729 3474 3475 189 888 598 1934 2067 3930
4198 7350 1158 13595 13195 4426 5172 15608 18335 13680
3930 869 533 1330 8808 4537 3133 1332 8812 8788
3944 17954 927 4104 11592 5273 15346 542 9335 11260
146 1418 22 1578 3634 4887 1183 2560 9316 13858
30 124 566 4327 2019 4300 7340 4326 4331 7317
624 2719 87 5757 1528 691 2701 3630 14688 6713
3297 2076 291 413 3607 8940 12526 4859 497 219
4484 1561 2837 9003 17176 2233 17902 9216 3341 256
555 4208 1563 102 711 1058 2519 10315 1517 9778
8251 4009 970 5986 9902 732 3667 5347 10999 13973
3685 4850 233 4358 4242 5118 5117 1819 651 467
2152 3716 88 11902 53 10996 8359 1903 14391 13066
1170 15030 8477 9129 5761 2695 11216 4454 846 1812
3948 1037 3972 640 2627 1009 643 3961 3959 2845
428 495 619 3970 15091 17395 4889 1334 7138 86
18 19 17 4149 1286 1608 8814 4092 4168 3333
159 1975 76 2005 2019 645 2017 1103 2008 1978
425 1305 9940 9831 13016 16980 8155 1570 12706 9769
316 102 77 1759 63 1243 2485 24 1069 156
1114 1134 576 105 929 129 1111 209 250 526
18281 11595 7701 10460 18797 5648 4147 5559 13194 4312
512 198 425 6336 939 1210 16318 3426 4473 17674
982 677 6567 7233 635 135 7729 8571 14064 5126
3683 3916 4162 768 522 4997 6448 1236 10315 502
17512 5652 2956 401 8895 2845 6421 6232 6235 1541
2271 281 62 8150 14146 3989 7327 1157 1154 9220
2298 310 4538 6362 12744 47 1489 16866 13964 2504
3304 1818 2961 165 4155 834 12287 3500 17110 2087
1142 90 1980 962 483 94 1891 2265 403 6891
2043 5311 11851 15257 3859 656 2725 75 6257 15789
4423 12790 957 3683 12787 10132 13325 15924 5495 909
3836 2298 4276 6809 675 4298 5789 1999 6212 5717
7204 9837 1222 9975 10781 1002 1812 13265 5095 15331
4139 307 2680 3705 6929 6922 4591 1775 6007 4557
735 4605 1468 16504 549 2157 1156 18784 1053 18043
1331 4479 8688 1356 2602 11777 811 3557 498 11578
2085 1031 8108 1560 9221 1394 1569 16605 1762 1260
124 228 1137 634 7507 77 2651 1499 2433 3833
141 217 1813 5005 5004 5043 1848 5031 5008 5049
1009 1017 7298 9755 188 6891 1153 45 7687 942
3811 2701 1219 13483 3825 1533 4977 12421 545 7950
2117 4702 7832 10102 10107 3194 10607 124 1332 838
2217 1009 2877 6487 2299 2706 6441 3858 9769 341
3587 3585 3609 3586 3584 3827 4358 818 4350 3598
236 6591 3040 11868 15241 5919 10111 5429 5563 2569
51 18726 966 6155 14833 218 183 14076 10787 8780
6041 2276 6893 811 2749 955 5656 536 5503 6709
3018 1944 813 3866 4671 8160 7670 6319 12253 15987
1610 4179 1026 871 360 160 1441 1364 4891 2034
1143 1144 1146 1147 1148 1149 1152 1151 1230 1150
37 3801 30 3807 3835 2065 2802 3793 65 318
1155 885 4808 1466 1533 3743 1801 2753 595 4806
1419 1173 2084 13270 982 11144 11827 6441 574 5107
3743 5315 440 9853 7195 10931 3929 1889 8490 1008
1722 12435 2852 2356 4681 18317 14566 647 3062 14449
605 3301 3062 6431 7913 14779 18044 3947 1517 775
751 752 753 13 4064 13292 12284 1099 2749 1023
583 1061 5338 4185 7687 16848 7603 4210 10134 7906
3170 8994 9279 7025 14605 10133 8985 16064 6344 1213
2244 8173 18005 1062 3809 9593 476 15671 12891 17759
11636 11637 39 38 4929 11635 355 7250 1007 440
2123 4732 406 346 3915 10519 1095 63 792 1399
3877 6571 581 1069 1957 1501 679 105 3565 10554
1848 16483 11421 647 14155 14158 14465 9948 11402 2601
348 2098 3571 3514 4576 9721 5403 295 2285 449
2364 7445 1601 5479 4661 2753 4845 18051 8612 2301
473 1243 647 3683 3267 916 8616 8617 6424 5601
6854 279 13475 3518 2323 4685 918 1597 4462 2631
1161 205 1160 61 214 1164 85 1165 1166 1167
1192 2676 1981 2298 9850 503 5265 2311 1254 8288
1743 3667 17009 13792 16489 14733 183 64 532 15677
7498 3459 6461 4651 15990 3944 3497 419 10547 14305
597 1977 341 4624 5968 7545 1222 1407 1950 7765
1615 12738 10975 12473 8837 16267 1228 1103 2711 9610
117 11018 11019 5143 164 2217 11728 11863 5688 10321
7688 7689 537 7691 1759 7690 624 407 7692 751
31 495 506 30 7294 494 2667 1110 62 1286
6578 10121 739 6567 7021 3487 7398 15913 8164 18583
105 382 513 1142 1138 4132 2656 37 1155 4955
2159 2689 567 2302 3015 1849 5160 2407 15835 6442
13380 2015 17262 538 4434 137 18396 33 16636 16343
595 1930 3402 356 1962 3403 1964 1967 3409 3407
6253 6095 2057 290 3328 7529 7672 1906 9223 341
1105 1132 4102 1856 4089 133 1318 1153 14455 705
5403 8357 5378 1674 2422 6231 10602 657 339 721
182 62 243 511 1326 776 834 105 598 724
3768 4412 10424 8478 2899 718 416 8411 5558 6808
288 765 2232 777 480 3331 2872 507 1121 407
11915 11384 3883 5167 3704 15976 6728 8713 2285 14330
13288 9831 7571 2252 2490 1798 5854 6071 16198 552
694 6278 7766 6288 6 1273 598 3086 7755 4304
229 711 8110 77 11230 1600 463 1499 11248 2077
781 2993 4960 2048 183 11377 2606 4932 6349 1378
1047 2486 3933 13153 4577 6717 2400 2636 1005 5562
105 3904 3905 240 3940 425 3944 228 316 916
142 11323 12236 7023 4992 1326 2928 14960 7014 5346
3881 4391 824 34 1488 5154 2050 11125 2566 10730
4758 15748 2718 7901 18193 1243 185 4679 3350 9830
1462 4579 4286 14257 3013 559 9360 7821 2822 2923
620 638 2449 4363 10699 11977 557 7596 8855 4344
519 1848 962 1134 1071 3013 360 6308 2272 963
1186 1448 6145 660 3619 1219 10060 7243 7247 2836
7507 2137 382 9 745 10175 5353 2777 333 470
1295 6747 4412 7133 770 6301 8163 2258 17699 2116
2440 679 6106 2015 15469 8497 17233 7949 2786 1735
100 2265 456 7452 3375 2098 9307 7812 10083 9212
292 1005 318 481 141 82 2210 6319 1589 597
1321 9349 7471 2587 46 56 271 13379 12096 5062
2189 2555 8241 5861 2300 29 403 4092 5790 920
1282 773 9779 8490 7384 140 10174 10643 7447 1008
3706 8157 144 16437 1047 17239 340 3732 9051 657
428 1015 7469 643 483 13491 726 1693 5087 8142
175 1044 183 2050 1390 356 3456 2808 2122 338
9335 5162 588 920 10425 3907 18019 9427 13465 17392
5378 1556 238 11071 5485 5706 1737 48 52 548
3272 846 51 14628 6333 17963 13201 12659 1011 1645
2250 497 2280 1715 2262 1386 2282 1923 737 962
2216 9106 777 3985 15693 4375 7622 16142 140 2684
2779 77 1777 16780 920 5609 7031 8975 12888 12743
5227 3508 1413 16961 2101 17518 2930 2508 14825 10462
2130 270 6376 13187 9330 59 2085 1153 15752 2616
842 1809 2126 16197 1009 9542 7984 14213 17984 16810
3807 456 54 340 871 324 185 360 85 104
858 45 2999 1374 5208 5534 768 1119 1251 4244
142 577 2998 2193 2034 6591 9184 16951 10319 630
105 44 3314 2148 1235 8991 12093 12094 7180 637
185 3999 257 8769 201 560 9783 5377 15744 3991
2273 42 316 2916 855 1810 3011 743 17513 14746
2662 4338 2100 1570 3314 13104 7130 4079 7092 642
2266 657 2265 220 5721 640 6501 456 96 486
1379 3122 7975 881 8742 688 951 9283 5041 288
1415 5015 7912 3377 9280 12885 6070 1457 4443 4665
2928 187 827 13989 14005 772 8622 12519 4606 1250
477 1158 3193 455 182 5794 1593 3304 18351 11143
53 644 5892 2267 6277 13477 184 2832 4849 14434
1960 4174 1961 4530 12770 2003 4189 4534 4604 1599
1278 3387 9421 4046 2928 5719 6556 2725 15855 1468
879 1370 5115 376 6580 4997 11141 11657 2917 5960
1062 3040 559 444 10256 4086 15736 7676 1515 3205
11757 164 408 2561 7534 129 10462 2822 4358 100
10582 2534 549 17693 17265 5279 12380 352 851 13831
3826 16784 5496 1862 5763 17370 906 13572 1987 3183
185 1696 1469 255 7003 3303 111 852 11729 10039
432 14030 10571 12375 9127 13198 3991 1588 929 18620
1053 201 6562 1043 774 138 1319 1075 6339 1849
7943 1679 7554 2749 13977 14088 15618 6443 6885 6330
642 2639 846 10541 12116 2117 2302 9477 1124 1119
7859 4370 1282 10223 4385 11496 5934 2703 2116 3600
6560 555 8125 13186 17884 17880 11967 4652 12836 4816
2294 11364 11359 11360 11358 6696 11412 3486 9563 1367
1411 721 1337 1487 7302 2035 7334 10857 2638 270
63 1983 3999 912 70 1751 11648 7240 2089 17358
3976 2208 14821 10858 5346 540 4057 13377 18122 18253
229 33 4140 8753 8754 2117 8766 8784 8779 8781
1469 322 9692 3859 575 11139 2929 10460 11802 6591
12544 3588 6302 12323 12897 32 4315 720 5854 1583
1225 5621 2526 7943 513 8915 8087 481 7887 5628
2639 198 5720 2101 1070 4485 17156 9158 569 2394
1396 12726 3231 4991 4990 4963 17580 776 7606 14518
6179 1457 467 15401 9356 3011 5820 7556 10098 503
62 53 715 4383 936 167 10087 1325 5430 644
49 50 81 4448 410 1163 1303 738 4445 4451
4951 8310 8299 9863 8323 5189 10336 7249 18775 11558
5871 2872 277 1158 7501 14544 1319 11661 10351 8710
2294 10193 382 74 3423 3163 2499 4090 1015 10197
226 3779 10616 1102 1814 6726 10082 1392 3859 37
87 1049 4308 427 11889 1164 4362 2107 1771 1888
1370 452 2640 4530 10987 12671 6138 6982 4943 77
643 78 8233 1303 562 13376 1934 506 557 10793
90 9339 2819 2311 843 1237 4755 4845 6120 16562
3674 1142 5922 10818 6677 363 8579 16695 11530 77
2098 739 7523 438 838 7519 5227 2423 1468 6942
2318 5607 1609 164 3315 271 7942 3332 5312 6572
2004 2038 9057 6375 275 14443 5054 7692 255 362
114 15818 11391 10510 17243 557 660 255 539 12420
88 346 348 3929 13001 3885 12598 17426 2298 8201
2301 2272 269 319 3925 428 6575 227 1852 17225
9171 4668 4730 8427 1662 1674 701 282 13863 8687
545 1418 9668 1761 82 5542 4582 6154 6849 3886
355 1222 1226 120 17706 6126 5358 5245 16870 329
846 15708 1251 14737 15683 14227 4840 727 8019 4523
3432 169 7857 406 11945 14351 1950 14236 12229 12095
761 476 8867 168 4080 8857 794 921 804 5856
1385 892 8434 11164 775 1835 13475 13770 10713 14944
1531 16168 1672 4970 18189 29 1432 13309 8187 2924
3460 2082 598 3863 5572 6754 7413 15664 7430 8135
9653 151 10702 17907 133 8438 4949 243 10908 8401
3995 387 4405 2589 3970 2607 164 4414 5116 2266
2098 635 70 9220 3154 121 809 655 12922 1075
5151 2039 5309 2276 559 7969 7003 2906 2713 2421
1153 6355 117 6714 13535 4312 11232 5649 9516 9879
3706 394 101 955 2245 4863 47 5826 5815 236
8434 12562 12563 271 1755 4787 13286 1265 774 2335
2294 126 453 5272 5443 5226 2243 472 5186 4924
547 843 7048 8233 30 3667 11277 795 4920 12301
1407 114 7292 5685 1132 4049 3208 15320 644 1260
280 5265 1275 602 9798 18274 15465 6210 9822 13466
11942 11013 3355 4506 12229 142 18636 1291 3330 2120
2795 778 386 121 124 4299 93 809 4746 9588
104 598 356 2986 4617 4601 1438 5976 4602 3432
440 287 2070 5748 1337 18549 3883 5378 15684 6805
5934 1092 6463 2154 5867 4535 5940 209 6000 82
650 585 236 91 25 586 124 104 601 720
962 166 96 339 244 1286 123 2085 2203 292
655 437 1231 1755 15057 7946 1521 5705 5720 2347
243 6643 1620 3319 1139 10932 428 219 15956 4165
5908 15758 1461 5169 1523 3292 2123 8624 2695 43
1475 9622 688 473 133 742 5652 2929 1471 578
8476 365 12394 1541 15413 11195 3583 3803 9268 5950
2191 3693 311 11777 7676 1763 1641 3008 9619 630
1554 13 9164 1888 773 5636 885 16511 13572 11687
780 16040 1986 9482 6797 15978 13188 8920 7386 273
3082 1774 201 7789 339 3277 6018 7792 6349 1136
6244 7923 713 1651 4672 12027 537 7153 6779 13291
837 437 5442 7712 6808 1217 12126 8841 3260 2645
1833 6712 5652 4188 3073 10419 7830 16802 18180 8978
7370 1759 2903 929 11265 172 10866 189 425 7959
2458 376 2701 5562 6871 2250 1688 680 2526 4538
2787 700 3732 7963 577 2245 12998 12997 5088 6575
6042 30 3398 4382 10620 2490 15753 10993 10781 7009
3278 3206 5263 13200 3059 16718 2866 16499 1384 14446
146 141 2767 942 2451 1649 2363 2801 1950 3781
14 1 9 5 1166 133 198 257 202 184
4841 910 357 2107 10311 8833 10823 16808 3852 15608
416 8082 9563 8238 4301 9896 12176 5690 15693 8325
859 9800 1766 7865 515 905 952 7482 1798 4162
490 2799 10970 9265 16015 6009 12098 426 11068 407
526 4083 5377 345 10364 3745 792 31 439 372
583 310 963 1436 1177 82 15621 843 6981 5361
8432 647 11730 4391 10957 11526 18406 11426 10648 6062
3966 4276 1409 9569 2325 10169 7953 340 3494 8930
1106 4086 557 110 3862 3869 2632 59 7370 15059
787 3049 8423 1226 651 4576 13480 1088 257 9909
54 410 25 49 129 159 164 202 355 1061
6431 3251 7748 12 15081 9958 1820 4782 11098 5390
1138 688 700 147 1015 1407 1542 1142 2780 1759
6380 703 14122 323 1049 414 3301 501 6402 1793
2383 5799 4607 5828 6404 13013 338 2753 5777 1059
4261 3895 5340 2050 4100 3341 4319 240 5063 8871
2820 3701 3699 3700 22 414 5562 5646 5647 1229
476 1230 251 1216 12061 10183 10994 3660 8251 247
3037 11547 74 2105 4101 6094 751 12818 4685 15994
5436 15869 8330 16724 5346 18452 1693 6262 1278 5393
2065 1603 1523 3580 117 362 2244 834 2127 9995
4694 306 1325 8186 2411 1450 4913 8252 14211 15272
1781 2741 2385 4217 2498 360 2987 637 4510 16647
406 14660 18676 1461 14603 3504 13395 5569 5568 2474
10008 2872 2300 1606 4865 735 14232 16588 10839 14231
7415 814 16165 3193 13682 639 7325 2328 11634 16331
3514 3565 1128 700 2045 4583 11958 544 7153 746
3538 651 5503 724 4068 16733 9370 5340 2036 3264
12561 6063 5652 198 230 3757 1526 3872 6228 3881
2517 4292 842 441 4229 6147 3020 3887 8404 2429
2245 1996 46 5483 470 3365 5273 2019 17010 5628
1482 365 4201 2300 9411 2406 10525 1054 18396 6875
2675 5249 22 3362 5581 11416 16990 1736 17458 5132
76 3664 60 8605 355 5105 5088 3966 9446 1072
326 5682 960 4839 54 8292 10542 10548 8925 6423
21 5712 11031 5017 3875 916 15259 193 4835 415
1695 6118 5972 4624 411 94 1965 3877 1712 16101
5756 3211 559 7558 8796 1153 6727 6668 6515 25
4808 6946 4702 1927 4673 1414 3207 11740 16812 13833
1400 537 1497 346 1318 5 2639 5751 538 428
2328 5381 7403 6463 1879 13384 15611 15162 5623 3934
1374 806 2085 1360 1371 2061 566 93 1471 3486
791 894 292 1726 45 1695 1047 313 1578 456
5899 625 5970 5778 489 16368 1446 2109 651 13856
3503 1807 1826 3666 3257 16224 1142 6298 14066 4981
533 653 4101 6310 7573 6759 229 75 620 4468
63 438 7645 9269 6160 16633 2888 2980 4986 7541
1485 476 4168 1600 1158 10688 2424 8159 2438 2112
129 2255 2868 1357 2289 2427 1409 2505 1113 2487
2867 122 276 109 9648 16775 7286 3177 3047 4606
2633 2791 1585 1584 5798 6157 16496 17897 2909 2302
4178 1086 866 6913 17734 8123 11430 14136 135 7817
433 1818 10489 6907 1392 408 8834 16669 3331 14440
751 3532 3337 10380 18177 379 2162 767 10379 7218
1412 576 1114 2300 511 221 929 1037 651 3666
1555 6863 4027 8583 6730 3572 14044 13100 13469 14587
1996 8908 10097 13848 1134 2612 8469 4787 5390 9914
1845 13949 2032 2975 11506 3464 3400 15421 10318 5211
749 748 861 747 198 703 4543 760 3614 2631
599 4970 1186 7153 5518 15151 8142 9195 10380 12381
1886 11925 9511 8757 18026 6021 6020 15153 7262 9831
209 1011 189 609 156 3841 77 1564 798 102
1981 3976 2486 4905 715 5361 1462 17760 2401 4437
1936 1 13203 2805 3927 1585 1111 10565 1173 2528
985 6330 6332 214 2439 6331 6280 5876 957 1755
11527 8256 799 3796 1045 13667 13702 13678 3799 13601
4201 4441 11533 6849 7984 14762 18195 469 866 3919
197 330 3612 200 2050 5530 5499 530 5498 5529
1826 4484 4426 1903 6754 8405 5971 3021 2036 1262
563 3780 7574 4943 12444 15355 138 3426 11051 10683
14789 101 9721 12828 5520 12578 18086 2640 5561 7233
15733 2016 411 2218 8360 7333 5403 369 6845 5040
4045 2067 1475 2449 449 10074 3243 3983 302 3713
156 12778 7862 13573 16781 7470 3052 277 11045 6786
6 70 28 91 49 176 87 96 501 104
688 6320 236 2638 11255 5403 2375 7816 6704 1765
6675 6674 6673 59 738 7512 7510 711 1521 7511
2278 2320 1142 360 576 1176 110 674 586 4040
12459 2331 13259 1087 410 275 451 7984 1100 2854
532 852 1009 3745 5635 2421 13161 3894 13007 15500
12634 14311 14679 15412 9209 14305 11213 709 17832 1665
1092 4096 533 1606 1597 4009 2359 13274 3301 12132
736 11058 1411 8816 3880 14958 10626 4082 338 2711
724 5312 2599 15619 3072 4683 1138 4732 7810 1712
5697 2036 6460 15691 18330 8398 8399 15738 10462 2570
1600 5346 13388 8961 828 11087 597 11498 807 102
3978 3889 571 234 2639 681 16592 6493 184 17027
1380 168 1138 8634 10139 13824 14386 633 214 636
5116 2928 1445 11118 855 17377 16334 7535 9523 2618
806 195 3629 11283 1602 5166 65 8353 18027 1136
385 12031 5120 580 5944 1072 14959 6680 7743 14291
2018 1828 137 829 3646 4706 1183 1417 6404 3601
2439 10315 576 250 3734 2004 3205 1258 296 5208
1391 5699 1666 6841 5889 1022 17101 10808 15614 1130
5510 2229 6567 155 1436 6211 1460 14292 10780 6287
49 87 1370 55 253 502 349 257 483 2300
16411 5503 3288 3995 15044 324 10699 11058 7526 4134
30 1604 1261 452 10350 1937 8126 581 1650 576
4157 4764 736 1102 773 9499 2077 870 8281 10862
5742 3833 2410 1012 480 431 338 1111 2295 2618
141 8858 13127 1436 15876 5302 2123 3783 5544 3135
504 7388 1372 346 1020 2372 17992 8059 1845 4344
7263 400 60 749 22 874 439 1420 985 1391
9329 9331 680 15597 6403 4442 645 4869 15596 581
361 4412 9867 2308 18573 5378 14531 5174 471 7613
504 3698 2154 4162 11716 7812 1517 15892 865 142
1324 6140 129 10001 15098 1794 7666 12902 1950 1105
5063 7927 10117 11920 16707 11042 920 567 2704 11541
129 567 56 339 316 2097 5070 3855 9198 15813
164 285 168 25 637 44 84 1001 483 144
199 491 12596 6477 6278 580 12179 12506 5958 1409
1093 1991 8203 16863 16946 2719 11493 2991 7307 176
5690 16735 9271 569 14150 1386 46 6421 9200 12876
324 6363 879 1156 3970 1067 13499 1737 5280 2294
7828 4818 7809 7842 1390 325 3207 1072 1978 2112
169 4459 292 2217 6040 2161 2991 609 1564 5942
243 1645 1380 125 1489 10884 5050 7204 1241 391
114 2149 28 3576 4132 5793 3488 5062 1826 1389
5839 970 9507 15547 5331 7522 1154 12175 2703 10479
292 139 487 11313 14384 2546 16920 8858 10040 15050
2245 2837 2560 532 16184 481 16187 661 14216 2076
3163 258 2276 5599 1469 14872 1580 3730 8148 3942
1936 4997 1298 2861 84 1929 4981 292 7865 9581
153 51 11538 1023 6084 8896 733 1826 60 5380
9700 6581 15640 153 255 3929 17031 15931 11517 253
360 257 410 1193 1261 1188 1011 29 723 612
842 1382 1906 436 431 3257 3862 2341 16337 6633
4367 79 12681 6349 7663 15008 8050 6207 1002 14441
414 230 316 2994 8189 7115 3205 2114 146 3734
3194 42 10798 3292 3075 7292 104 10340 8619 2915
1526 3014 1559 5652 740 62 6160 9592 16365 4500
17753 289 3581 640 6570 3001 10994 4152 12322 12750
996 5995 8090 1088 2101 322 1578 778 2278 547
704 2717 1987 250 535 4846 10181 658 137 838
33 6037 5106 1233 10903 1521 17984 1999 1382 8037
546 280 5821 133 6995 3553 3730 5330 17928 7008
2252 430 8313 358 1742 13247 13469 2232 5133 2921
1122 680 520 3516 4436 14730 10409 12320 16643 1950
355 1241 4259 3704 871 2771 144 838 4971 223
307 101 496 4631 4286 3278 445 3362 365 2136
12520 11164 77 412 4549 4303 472 781 14384 1817
637 285 5079 1436 200 2217 4465 4008 13314 6785
496 3772 6850 356 2095 658 2278 16391 10267 10457
111 1818 3720 16040 6850 14652 7090 7076 6121 431
1396 3734 609 3899 14607 1462 14139 10719 273 128
348 124 4643 4693 9779 10663 15192 9780 952 1871
4092 1389 636 5777 2706 11349 10649 14083 3400 4576
3279 8434 1049 8337 3139 13860 18285 3212 397 4384
131 1562 9953 14831 5360 10178 8146 1902 6788 15403
1976 1687 4366 7565 26 6441 684 12734 8673 3666
894 3969 5689 1032 2265 2013 11117 15044 1578 18331
643 1332 1491 657 765 2000 3688 2455 1049 2259
523 1225 5534 9349 3706 9213 3455 12876 12900 9456
1986 1820 1059 1335 288 1857 7121 4140 10103 319
3085 4415 1615 1235 9265 9001 2928 6064 6772 17700
8434 1254 12403 4583 3852 13577 4467 9010 310 17452
219 643 513 277 1641 833 3691 3302 864 1134
658 4828 1132 1842 2772 2028 17585 3211 11694 7962
3779 3819 46 9096 3183 828 7443 8319 9504 7847
457 7357 6526 2094 15755 411 10722 18802 18409 16804
1371 3183 5573 5060 768 13302 2959 13543 8461 2260
386 3983 3100 641 1600 13252 473 6934 2172 7970
123 18609 16243 787 16256 7301 14665 8843 8862 1153
3450 1139 2433 2324 6714 10616 12226 13995 1160 16881
1609 4066 806 1871 1775 5872 986 516 5873 501
6280 53 581 4550 78 2239 1075 1139 974 4057
404 1600 4538 114 1254 1751 78 1817 4568 1411
4550 5863 5862 253 2153 231 598 11119 611 5479
6754 966 16654 387 6742 861 1844 8671 14633 1057
960 436 149 3381 1371 6217 5749 1605 11414 5051
4189 9219 9642 576 105 2725 110 637 1138 661
2528 1009 2085 1070 781 9499 777 1062 16918 8357
816 1075 1524 308 497 2529 2176 474 5083 9041
609 546 586 174 2567 2027 1073 169 1849 84
1083 777 134 17740 7604 1057 482 12962 17755 643
479 1981 1342 1178 869 3462 1471 5069 1011 3460
641 3135 15 1794 10630 483 7850 329 655 2726
597 3897 3116 4883 2587 1400 992 997 3363 4550
3619 3423 5591 7226 346 13046 10341 12533 4083 473
4004 1337 778 288 724 17744 2515 2830 17174 7176
50 1052 390 1028 1030 1033 1032 980 776 979
1049 17258 807 2234 4533 5754 12228 7089 2917 5185
4267 851 9177 14756 18808 704 732 4770 7679 16141
4383 2658 6322 7905 9802 4014 37 2388 5547 2991
351 382 3705 11152 88 16487 630 9270 263 18042
571 964 2820 17408 1291 6774 2342 14389 4021 10724
59 2145 41 8 60 2146 2144 64 143 7
91 313 281 3013 3633 544 3642 3634 3638 897
2012 108 182 2917 2560 11240 5080 18247 2342 18239
2223 104 2222 595 356 28 1001 4738 2226 2227
44 8971 1762 7402 625 380 11343 17075 576 1804
172 1134 6161 1794 1861 555 4758 354 8021 4072
609 2767 5144 185 14704 1695 8386 645 1791 18097
767 346 1258 3365 536 1796 257 176 2495 234
147 3013 3161 395 5088 1138 1005 776 2057 81
42 2644 7049 11521 6049 5345 11717 17968 1241 5066
374 269 1163 324 307 879 4444 12 43 35
2015 5426 147 1952 16116 5420 15920 1129 6807 16183
3847 1317 7865 3231 12609 6179 318 2916 3423 11298
1687 10368 147 3502 11084 495 11093 18735 4902 11952
3971 945 16245 15173 11596 3426 14931 628 9476 17314
1448 1555 340 859 20 9033 13685 10421 431 14475
615 1339 6255 10540 4334 10980 8693 273 1542 15385
778 2065 291 3360 2249 6938 3483 12751 243 2469
2338 251 3919 4989 472 4606 6364 1249 9765 13242
7180 2245 6272 8576 11939 11998 3426 2426 17508 7725
2644 4664 3243 3040 6155 10566 9547 4143 12477 12122
473 496 581 4577 6105 7116 810 1411 254 1979
1751 4238 3450 5471 3872 476 3745 8464 4337 18141
1509 531 3908 12056 5058 10541 12046 117 18750 303
25 5211 72 1812 1203 2039 952 17748 9277 4915
75 5403 1303 16819 1508 3571 11351 3333 8086 16320
6 44 76 1 176 49 131 159 81 408
96 586 1643 1600 1656 1680 680 1670 1645 1637
8106 1970 986 1115 719 988 987 8105 989 8124
3533 4862 109 3187 9594 2218 3206 17769 9259 1066
723 2517 4887 427 2401 2836 4445 2107 15037 3923
877 3528 383 7461 182 17534 6698 2334 726 16876
513 87 11571 355 774 11895 2784 188 1888 6864
1390 1845 8827 2300 625 5474 2866 771 3745 18605
503 5378 1005 10741 1936 4782 6591 4445 10541 2639
292 4583 396 10976 7585 14965 574 1012 67 2196
956 418 5194 5041 4997 6713 2701 5763 12741 14889
3913 355 210 5899 823 18350 10351 1677 7164 10699
87 10628 2295 410 1257 17155 6333 17625 10991 3734
1450 5145 10353 1867 6439 9539 8551 13757 13476 16094
11044 2022 1253 84 12622 14778 17214 3628 8332 6023
1326 413 1472 4880 1183 565 8146 1590 17497 2927
427 3847 1679 8099 2258 723 1655 627 517 3700
595 2767 3301 3820 922 14733 1367 16323 7686 43
12625 12978 546 9447 11631 1828 12993 12118 12995 4429
823 663 538 12643 2076 522 1978 2240 2930 17220
5370 7304 361 4573 292 2127 18640 1996 17553 5543
86 3277 18586 16568 1465 15556 14068 3860 1374 3401
741 1318 18515 16031 10928 1393 13107 2258 1517 8454
1142 1485 277 476 63 62 1488 2211 271 1781
2859 3385 4467 773 1335 4444 9144 12430 17264 15982
3350 3212 2675 11416 11648 6488 3556 4956 4343 8399
886 303 7635 6111 2578 15660 7305 10083 2485 2629
511 1066 1265 2015 7740 2561 5346 4703 187 17209
2648 227 4945 10591 6956 16037 2190 2191 12217 544
1186 2658 4747 17778 17809 2994 10647 5949 3178 16523
2999 519 6014 17086 2469 13106 15492 1433 1828 921
411 1319 490 1666 2215 112 3017 9158 133 13449
2039 1166 10462 3324 18291 4384 16557 17221 17390 3493
1225 4058 681 1017 5 403 3690 13634 5547 3675
3731 531 3714 9796 187 14 1791 437 14401 17684
7107 1980 11120 11945 349 3854 6018 2300 4688 18186
5644 1531 4450 418 530 4096 2351 1578 780 14306
1009 13543 3399 8761 4606 8512 1332 2096 14140 4086
81 641 90 11039 103 2113 2215 164 638 6230
4101 9126 885 6710 2711 942 669 75 4040 2274
168 250 346 292 280 235 1111 2526 4547 4019
5591 6136 4054 970 1387 17979 17961 1729 1480 6404
1506 4045 2661 586 16254 16479 2786 7190 1090 18747
2321 16316 15145 18788 769 2930 14220 6845 16126 7413
54 205 207 204 206 209 20 208 210 211
2589 894 1755 6472 3259 125 655 6473 57 4358
4208 686 7411 7664 384 2773 7400 8583 7765 17594
633 723 3885 745 342 1842 1457 5996 11140 17386
219 227 1623 4435 5660 14403 1879 11569 2325 2723
2820 2122 3872 481 2278 2173 123 52 289 2945
471 1527 1801 581 10275 5910 7476 3654 12033 7412
6 28 44 70 25 164 22 91 49 54
3763 13452 9288 1357 3615 11718 4470 8850 11424 13453
9250 3872 1299 2703 9544 9539 655 887 12699 6826
144 1751 820 15410 3187 18678 8250 6725 12089 1061
719 13199 3865 11495 1724 10122 4667 1440 10116 989
2726 1318 228 15282 1641 2327 16244 4309 140 15156
2715 5074 14954 109 18190 63 4377 10321 3593 10403
44 645 192 387 11659 581 11658 4019 18091 15834
919 14593 7673 9014 5173 14348 5179 10972 11308 3251
6291 14847 13132 13260 4174 15468 13460 14740 6091 9647
3612 9207 814 18095 8129 69 18089 7865 574 3991
5693 5692 38 5819 4541 497 7101 5058 1303 4405
817 5067 2263 18070 5864 10040 12318 12316 339 1524
4903 748 403 168 4128 316 4914 833 982 1485
894 2289 4961 4518 4624 1386 13 13039 45 1755
7945 14951 6710 3187 254 10667 17044 3619 11047 4841
129 1374 292 586 2561 2927 929 146 846 877
14950 18447 2439 14512 3429 361 7587 7116 3772 15991
1627 1628 1355 1589 1715 746 1613 22 1543 1644
4280 4184 137 1195 8758 8549 10860 9452 648 18469
2166 4174 4195 5469 1166 4543 4194 5496 5491 2434
3444 2169 3443 369 3472 90 2980 13232 699 625
6638 838 230 4264 13268 9691 17760 2324 12387 1231
1432 281 586 5258 3642 688 2820 67 3577 1336
9036 313 2756 275 9221 490 350 792 9293 7664
6 640 1037 2129 49 50 4040 9031 147 794
