6 44 28 70 49 54 91 164 25 22
28 6 54 91 609 70 25 209 1374 164
54 44 6 1374 609 129 49 209 410 146
54 44 209 609 189 6 1374 129 104 316
44 609 104 1374 1 209 60 28 1628 1589
28 609 91 104 1374 54 146 44 70 129
168 54 28 49 60 44 285 129 104 410
91 70 60 25 168 346 694 1374 76 292
54 49 481 164 28 609 262 70 1374 209
609 28 60 54 164 1589 70 168 1355 1628
609 44 91 22 70 346 28 1589 1355 481
70 49 640 22 269 2294 2129 168 104 176
1 44 1374 1589 1355 1628 250 168 164 1627
609 50 269 25 91 28 22 1114 60 164
168 164 91 49 1374 1 129 1433 50 60
25 91 481 168 76 209 44 50 253 516
76 431 8830 269 96 576 1 787 159 494
1114 168 70 262 2203 146 50 76 104 494
164 104 5742 25 346 1 8830 292 91 49
431 1114 688 176 50 168 360 8830 2129 2203
164 96 20 146 70 91 494 269 481 15
50 96 62 25 91 164 1114 49 253 271
1114 22 1374 164 159 49 640 104 360 576
49 146 1374 164 129 1044 473 20 59 91
70 473 91 1114 250 164 494 1 159 307
25 481 164 360 76 1114 1044 147 1 257
473 104 76 262 164 91 787 62 1374 307
147 640 96 292 262 473 91 129 70 1044
292 250 62 96 360 91 25 129 269 104
96 22 168 257 410 70 271 62 25 41
146 22 1044 8830 159 164 431 129 175 576
250 640 2203 146 76 62 403 494 823 262
62 8830 176 164 159 129 25 787 70 76
104 129 62 346 25 147 1178 473 164 262
146 96 25 410 1374 76 38 1142 253 1
25 22 70 346 49 292 96 30 513 104
473 262 787 410 8830 76 360 640 49 22
104 175 262 360 159 1044 346 147 1114 236
104 25 50 481 49 516 41 176 147 146
262 576 147 8830 50 292 22 30 176 1142
360 146 339 640 483 176 355 9032 269 481
250 129 49 307 657 159 1 410 339 497
129 516 473 700 262 168 8830 62 576 87
129 1142 494 307 39 894 262 62 30 640
576 292 164 168 156 262 787 473 49 159
262 307 159 1142 231 410 131 8830 1044 50
2211 657 823 650 1485 700 49 81 1163 236
1142 360 431 355 346 1001 1 129 8830 96
1207 2067 26 1236 30 100 5742 262 894 147
410 96 22 131 30 640 290 1 1142 650
346 129 1207 22 494 2067 5742 277 30 516
1142 50 360 431 185 494 307 2294 131 262
146 257 1 49 1178 166 473 471 168 316
403 100 597 285 76 262 823 22 37 141
37 346 1975 147 410 292 324 2098 131 597
39 360 100 76 569 1975 8830 1178 657 159
76 50 176 231 271 1374 410 715 569 164
76 176 257 481 1044 1207 1138 250 50 362
1142 1134 146 403 129 497 292 920 50 15
346 2098 1142 1485 104 700 30 1975 650 360
22 650 597 1142 104 50 2203 250 585 236
1207 410 2067 650 360 30 640 483 85 1142
410 403 346 62 231 360 159 473 166 355
2098 1975 11757 403 110 277 339 2203 1044 262
791 141 292 643 894 513 84 262 403 8830
262 176 355 3948 410 87 459 1001 250 123
1975 494 100 675 277 1103 176 2441 957 131
30 62 60 346 403 449 131 236 168 59
62 84 494 166 290 70 2085 26 355 481
26 131 569 277 105 242 1485 346 37 100
131 346 147 657 231 823 105 643 791 185
11757 39 185 408 50 7534 2561 147 168 10462
1142 84 894 176 1485 471 109 62 640 52
715 483 81 166 823 209 360 1975 1848 176
410 271 141 1400 586 1848 403 362 50 26
351 253 346 657 1828 2098 1142 159 257 791
176 355 182 410 62 236 38 257 91 164
159 62 929 141 576 131 497 362 87 2098
597 483 569 129 159 114 356 410 141 38
324 49 1828 100 114 597 483 715 4445 1400
176 100 219 355 84 85 39 356 189 87
236 1 257 410 147 382 494 105 355 176
63 410 62 271 688 285 483 360 250 700
351 403 1848 513 1828 176 166 131 290 76
84 355 1163 1609 1142 833 77 569 403 236
76 257 149 640 586 6105 1166 497 233 242
869 271 257 650 517 439 1142 176 410 526
513 374 432 96 262 104 90 357 100 355
346 257 131 100 382 236 823 3514 1163 63
166 791 76 52 471 410 957 597 182 307
640 257 1828 403 100 1848 351 26 483 271
81 597 1166 1485 483 1303 185 159 166 2098
81 84 1142 271 30 257 2250 38 1609 76
156 159 1178 1380 236 253 497 766 2098 62
1485 292 131 2098 38 576 957 81 230 63
96 483 313 1001 382 766 894 339 229 502
105 78 1138 81 346 483 166 1609 382 87
100 307 290 597 53 277 382 351 869 410
290 257 123 231 526 473 3514 131 869 569
1166 432 1609 688 357 410 2278 87 2166 3995
410 351 219 231 41 526 1303 674 53 290
403 339 123 228 38 1178 94 1828 105 295
382 100 598 1688 1609 15 6105 1138 1828 87
597 471 100 94 823 640 339 1609 497 700
1001 356 1848 3514 957 586 307 53 6105 96
105 81 2129 50 78 2278 166 84 315 307
307 228 869 63 84 50 3514 236 6105 1
52 20 15 307 9 229 5 22 100 929
38 131 81 597 141 497 250 84 87 1485
231 78 105 723 233 262 382 351 52 371
362 285 105 141 410 471 114 182 957 100
1848 3995 233 1138 84 362 1374 1688 290 316
1380 271 219 110 1609 2085 2145 290 809 209
236 351 6105 219 37 15 643 141 231 229
1609 285 231 26 4448 6105 13082 650 351 7365
957 355 59 37 229 643 60 189 33 1134
497 1166 211 176 339 231 38 723 957 1
236 1138 142 382 410 176 15 929 211 473
471 339 957 382 1178 1609 1688 3995 6105 41
53 339 1138 1848 929 640 217 292 100 483
526 1848 929 131 1138 63 219 357 497 87
41 3514 339 242 185 246 105 131 3995 1485
374 228 2085 217 1163 87 806 3995 230 39
236 382 182 38 920 723 87 316 2166 2294
316 52 20 84 569 78 576 229 228 586
569 1688 833 87 316 63 81 1485 351 823
253 26 355 39 271 962 307 569 166 766
105 1688 597 52 362 250 277 209 483 3995
339 2222 2223 1609 3514 597 431 185 595 765
110 131 651 597 53 569 228 1001 586 349
362 52 382 313 456 403 271 869 431 765
481 182 15099 349 316 271 217 159 81 581
271 962 476 1688 688 219 357 1142 15 517
351 166 81 1177 349 517 277 576 110 356
526 2100 1001 7365 81 655 230 410 962 2099
277 5007 357 471 290 242 1848 1374 166 1688
598 149 233 1380 674 581 2085 776 271 159
124 355 156 285 4550 38 497 476 230 5948
382 1485 516 2223 2222 1166 729 597 362 1303
290 356 1001 869 285 449 1303 2099 408 1103
84 229 242 6105 766 205 597 1166 221 52
316 142 920 141 84 498 205 787 290 1848
1688 374 38 6105 788 569 517 410 12195 72
205 586 497 39 483 90 229 715 576 5007
403 3995 2589 230 497 688 26 5007 15099 869
513 236 77 123 176 2589 90 598 387 957
290 100 2406 1236 257 1188 1688 2103 53 229
149 131 456 1848 316 957 410 723 6105 253
1688 41 90 766 236 149 230 3747 229 166
52 374 15099 1034 823 432 62 349 244 4445
3995 87 185 228 655 767 471 1609 77 535
403 1163 2820 4445 3701 356 285 244 38 3995
217 929 63 12195 144 211 2820 172 2406 1236
211 355 2589 78 242 149 2100 85 655 6105
211 246 26 844 339 586 12195 721 569 597
78 1138 809 698 149 13082 246 1103 408 1609
351 26 432 766 1688 39 2067 123 382 768
471 497 144 133 1001 382 310 1163 6278 1472
1472 356 374 1485 219 228 340 1269 217 1688
371 675 313 12195 1166 156 5007 229 2145 53
513 920 52 149 77 2085 1001 189 101 76
767 109 246 1471 13082 351 561 182 3995 5007
1178 501 38 87 277 290 2155 295 81 1154
723 52 483 929 2601 41 38 318 643 1186
2601 1166 110 90 5007 205 5948 452 100 806
228 221 516 87 355 211 432 229 114 110
3747 185 90 211 1628 1688 230 15099 1138 362
1688 641 675 476 90 185 290 655 149 377
351 242 292 844 597 38 642 3609 271 688
651 37 1391 1001 233 26 700 452 242 1759
156 209 229 1138 85 355 766 516 53 15099
211 723 729 9250 776 635 133 13082 307 357
767 1485 182 236 675 9 295 133 640 15
211 3995 78 1037 1166 598 844 497 382 371
77 700 257 348 502 110 387 635 5693 87
598 133 498 280 356 513 90 339 55 407
1484 348 498 5934 1178 242 838 3609 211 2300
114 349 41 569 12195 806 4550 3995 655 1696
501 166 723 724 1848 90 230 1326 149 962
33 41 12195 597 2601 641 6688 34 483 233
387 211 156 6105 371 13082 362 586 185 1142
105 13082 233 242 277 957 87 4550 1485 37
377 41 39 1261 537 1178 5007 1412 1759 833
2085 95 2601 1609 77 387 269 13082 1282 156
1188 156 957 561 217 767 456 254 371 133
723 77 766 768 109 110 598 156 735 3801
635 219 1472 93 598 569 1166 501 144 920
723 351 63 513 1324 5007 1154 766 2278 5272
1236 217 1485 277 957 1005 1848 290 768 30
957 211 257 141 217 101 109 240 244 387
1236 233 185 53 242 102 4550 661 497 219
1219 88 2601 374 229 45 9 1001 120 1436
133 4550 362 41 494 15099 12195 1205 316 77
456 41 211 233 355 569 230 1412 688 280
4550 109 34 277 1261 370 141 2085 313 101
642 219 43 211 833 5007 643 625 101 561
123 295 351 2601 13082 202 323 920 1075 962
211 476 2100 123 13082 869 33 844 90 41
449 1975 957 2406 432 1371 4083 1103 838 85
517 920 535 1236 3995 1178 141 471 891 34
537 349 280 90 356 1205 511 3995 569 395
211 95 242 63 6280 2506 641 2441 2203 2050
766 1484 513 920 2844 15 1324 511 715 2085
211 230 483 1236 109 362 2772 823 449 432
729 598 357 41 2160 1236 5007 219 2035 295
230 642 243 295 5007 476 285 517 325 607
198 598 1005 1103 418 471 6280 101 371 1247
1848 61 1977 703 5651 6280 1326 1205 6688 555
211 229 1052 377 481 1166 1484 85 326 90
90 45 124 1261 452 240 476 1052 823 4589
77 12195 1145 1093 351 688 1344 313 1605 586
290 254 597 651 105 1282 229 1269 1205 1225
1485 635 149 63 1154 189 141 81 695 838
202 1261 355 1485 1225 502 254 1324 315 21
338 641 962 517 846 577 362 349 1113 132
84 144 650 637 2012 601 141 39 1188 77
449 45 1627 229 149 242 4358 349 57 39
5007 85 476 452 35 1154 675 4083 642 1009
280 182 643 315 555 787 221 84 1589 598
371 77 642 1324 45 90 252 838 1318 1589
387 324 806 452 211 1484 2928 823 1192 18
133 144 497 476 351 124 502 95 110 1037
432 1303 957 479 124 101 476 34 5007 15099
776 31 700 1188 230 471 41 2145 211 476
377 502 242 395 513 1600 846 1332 85 675
340 362 2441 1775 101 20 1412 414 271 395
254 788 569 655 581 34 1103 996 351 680
81 11636 768 156 451 182 1499 957 715 280
52 957 290 1491 809 84 655 53 1485 519
1236 391 2085 1243 4550 338 1980 957 1188 254
1103 395 69 78 4702 844 6095 316 595 225
642 15 183 315 2444 77 766 124 277 244
323 254 199 229 379 811 2085 34 102 45
77 4550 88 456 240 641 110 189 449 738
642 3995 2820 2085 88 228 10396 414 85 962
1848 3013 2278 428 233 12195 395 249 1111 81
869 110 651 120 492 1484 285 9 962 100
4235 94 1069 1134 123 4129 377 182 597 324
700 635 1154 313 1166 1298 349 414 228 576
724 277 511 133 624 1247 751 324 395 1188
449 88 1484 788 1113 768 1261 1103 101 371
823 63 2129 211 90 408 85 324 325 1166
766 228 1103 38 172 348 4550 1606 535 144
253 11636 1134 77 61 2061 1236 150 557 382
133 586 2061 114 1303 777 1491 1589 1324 325
387 1484 1381 5934 1485 1989 996 362 85 109
6105 1119 641 295 2840 1298 557 2099 233 834
2601 414 1433 5007 2129 149 26 1298 229 2444
408 395 230 77 235 209 242 1001 996 4129
395 2667 316 172 1166 1491 2406 517 569 1696
445 95 2406 2444 219 526 72 133 1102 244
357 295 72 1134 323 34 1324 891 156 84
280 230 1258 920 451 598 33 382 3629 318
77 428 642 513 93 776 140 3930 1154 1034
351 387 156 84 2103 1677 230 650 703 15
5651 516 2122 3688 7695 9250 5607 90 1695 21
88 1236 370 120 1134 3013 185 1102 214 4583
357 236 513 55 869 95 109 1282 432 24
655 228 3930 2035 94 185 144 10396 776 1383
140 254 1001 1247 102 88 750 295 120 929
141 643 4550 53 1471 838 917 1009 6658 1964
110 371 823 109 1134 316 1142 2103 20 21
78 1119 1303 834 724 1677 1134 1412 88 489
144 1034 1484 650 348 390 1471 85 205 74
363 1037 6658 377 219 2211 655 642 555 456
2506 140 635 77 2271 700 230 242 243 131
2444 185 242 34 806 356 18 240 246 228
650 133 395 316 2406 1138 476 272 160 1282
703 6105 295 607 52 449 202 846 2203 249
395 607 1154 2441 2065 1298 253 4743 252 85
1485 2506 444 823 1005 1696 834 2203 927 414
242 34 2444 90 114 254 1491 1005 141 1001
1225 721 498 21 767 1326 2300 1371 24 1192
537 4550 395 1103 1247 700 6280 201 2601 211
1066 280 2506 1298 2067 285 2406 2695 199 2526
2444 252 641 635 996 537 1938 315 4743 185
2061 1225 94 387 1069 169 449 2035 738 140
217 141 418 96 228 1842 316 501 5007 211
451 78 3930 1589 233 348 962 2444 85 535
1303 1236 650 5651 77 45 642 601 391 52
140 133 1326 124 61 142 1286 362 452 4234
149 198 39 3930 78 249 4189 3013 5377 1001
77 751 411 355 643 369 2061 1699 2695 18
114 31 2012 109 5934 1247 823 221 2444 183
198 242 1001 1471 2012 2203 885 160 768 363
515 85 391 735 3315 318 651 63 309 5080
3930 1298 199 219 1069 1236 1269 7695 387 149
6280 2035 144 3930 929 244 1119 3688 483 110
635 254 1491 641 26 2749 280 1981 240 2271
1381 557 316 703 1491 2667 641 6105 26 1964
2122 133 78 172 1213 1600 315 105 1499 18000
202 211 824 85 2057 233 643 362 513 428
34 369 537 3930 2406 2444 45 38 3013 1506
788 72 2012 868 202 230 2057 1102 395 244
1759 1605 985 326 387 51 31 8901 441 824
101 476 846 624 114 3995 230 175 917 395
1332 102 390 751 285 641 838 292 459 1009
2271 1143 787 102 4841 1188 4102 645 6011 806
395 517 651 20 1499 140 1009 776 648 768
650 78 95 723 643 577 246 1015 766 8904
1600 144 1298 2017 315 6280 1102 2506 8464 451
2035 348 723 6658 109 502 1005 132 198 199
2444 1298 430 53 4132 339 586 1177 920 456
1298 1205 1188 144 114 4234 242 310 920 2444
95 18 1298 1286 2767 244 185 1069 3486 37
451 124 1468 2061 492 1989 4102 1775 4358 275
202 229 2278 414 120 1143 729 228 833 445
1286 432 355 619 69 280 4234 1001 3243 277
411 2444 3318 210 141 4189 1390 517 768 2085
4550 776 637 414 246 199 1156 1324 5863 93
2767 357 2589 4818 132 184 467 18 8901 425
290 3013 715 432 227 315 12556 767 607 1381
776 2444 2300 641 467 390 1298 252 537 2725
133 2155 242 5 90 94 906 1298 15 1192
53 806 149 57 511 868 348 318 243 656
806 53 124 1499 172 645 1357 1154 280 253
243 183 2300 498 140 55 121 235 526 156
1154 1011 133 1542 4550 846 315 285 869 2506
1243 8904 5693 2749 2321 502 1261 1298 1391 5377
363 45 2122 598 2061 1009 34 1298 377 395
2441 5080 4743 452 894 5934 3013 2506 6658 64
395 377 2035 408 362 3013 313 517 7695 1977
960 916 1102 1298 721 1137 1303 517 362 69
1605 823 61 581 1564 768 53 724 318 1472
211 1696 833 94 1501 545 824 777 1604 149
1111 1103 511 643 723 45 242 246 133 2065
1225 607 93 57 221 363 1989 1009 2008 1484
1143 88 492 809 1144 94 5 511 1069 349
1092 586 1491 641 362 363 920 607 537 515
700 295 1491 1326 650 77 5080 244 3013 602
395 2767 517 1695 72 235 144 11813 411 257
408 140 123 7695 185 795 37 641 357 1111
1128 94 95 1326 3872 34 456 61 643 3013
788 1989 871 1318 1037 479 39 95 1600 359
3315 1604 2787 427 2772 4550 1501 414 452 121
746 581 2122 4469 430 141 6658 1103 102 26
985 183 1677 74 34 1578 189 7695 141 768
571 2820 74 2767 228 348 1188 1298 952 3617
581 459 198 2311 768 132 855 1332 142 109
768 109 2767 1069 81 11637 721 517 920 149
776 233 970 675 387 434 209 432 768 2061
355 270 891 868 15099 280 635 2035 1989 74
144 1759 95 182 295 1143 2050 1604 765 1205
1143 1144 1394 313 3013 156 1102 5863 109 1471
340 1005 185 133 124 174 1155 78 109 377
1225 225 1605 3243 4358 920 189 4083 2323 391
414 1471 1605 498 30 457 425 1103 189 1381
254 391 3930 920 270 1154 2012 149 776 489
1370 1186 319 53 361 3315 185 6658 156 2300
1034 776 555 249 1759 270 382 3013 228 1391
3013 885 140 57 1154 85 123 812 1326 1970
55 144 2203 69 1066 1412 869 15099 2406 1037
77 1383 1564 501 1298 3654 198 221 9335 2271
1542 4550 102 72 1066 651 254 694 1143 15
846 252 1298 13491 295 637 502 246 2986 1173
2265 1261 648 1186 356 3315 242 651 65 120
395 198 788 362 768 1243 703 767 3318 478
287 1154 114 325 6658 724 94 905 1590 1145
788 1282 85 1604 95 4445 6658 13 642 78
253 451 3423 201 1604 1154 2061 2101 1236 1324
78 377 233 414 2444 363 198 1605 1011 387
227 1143 2820 233 1600 2672 457 1164 348 1371
313 325 766 471 254 5088 776 557 1332 535
642 1028 369 240 641 476 244 2321 351 962
489 768 418 1696 1015 545 95 74 1488 55
20 694 1499 680 498 1729 1326 219 326 517
252 456 619 788 1178 2506 6280 1143 479 39
768 1499 1655 927 1324 655 711 4235 1981 1842
1604 8605 1247 1394 15099 929 3617 1605 2098 198
1011 7101 641 885 30 1128 960 3701 18 8605
451 4469 198 2035 516 1324 765 252 313 90
871 5863 1261 2945 235 1628 1156 6658 1391 339
183 340 4102 174 479 249 270 3930 1981 356
1604 233 3277 77 4531 382 182 1325 1842 303
1318 4174 748 1391 57 1163 496 1471 4550 788
72 74 2667 55 395 1225 1696 2695 1755 2012
434 3930 9329 230 4340 702 149 535 316 1156
370 237 324 13 1381 379 361 1128 52 4531
766 513 1542 806 174 4132 1381 1828 1981 577
5007 319 210 537 1370 244 451 202 607 721
81 1698 349 752 52 641 1236 2271 1188 619
960 109 1192 2122 434 6145 777 2057 5693 3432
109 1604 221 1488 641 557 891 467 1321 868
1604 3293 1225 1188 72 4132 363 738 618 418
249 271 182 1143 1326 2427 287 315 1501 3706
1848 1141 1219 121 2506 2681 4530 2250 478 3444
74 1037 1303 1132 198 1269 230 4132 917 834
1143 9329 812 4469 1787 363 9331 7567 1219 185
363 4102 1604 308 1848 5 59 441 846 72
2065 35 1759 252 1960 74 2289 199 711 361
441 776 2300 1759 198 4235 957 619 641 2439
517 21 1506 456 751 817 2300 773 338 244
2406 4102 121 198 1059 363 226 888 1986 476
102 642 199 3872 2050 395 2323 430 5174 724
1236 120 243 2239 428 8262 8261 1155 1145 6899
90 10396 449 1192 9 4382 5481 1095 1137 1961
77 3930 1188 1058 430 1355 846 15099 3013 243
868 637 435 811 2122 3872 2749 517 24 1163
2057 2321 1252 498 4102 2050 357 198 1177 1009
1243 651 619 414 855 1324 746 648 5693 2300
635 1989 1604 1501 156 133 1192 451 338 77
434 651 537 101 1034 51 765 4168 732 199
896 382 1499 1261 174 1501 456 4550 894 189
1156 280 746 751 2119 102 956 1111 871 4617
1261 1286 199 7101 160 5606 101 3913 5377 4132
1390 295 1069 1178 1261 94 2749 9329 823 2271
738 2057 287 1069 1542 1604 4736 751 1173 868
3688 1225 95 927 917 746 430 2681 1370 4550
1655 4550 210 2153 243 1370 1729 1252 183 3423
391 95 5403 1219 5863 1600 1028 254 561 363
1604 746 625 3872 637 109 3315 1542 74 4122
172 1009 449 1243 766 5377 395 2627 1102 545
1391 1499 2749 85 210 1471 1699 2639 776 476
1154 2082 3315 174 2321 1145 231 3277 240 5863
2300 4168 595 3315 1156 1143 9335 18766 960 1491
1183 3872 1960 1970 323 916 985 1177 557 2787
1371 8605 379 430 985 3486 1332 77 137 2471
3872 607 1489 1128 1517 1604 1015 220 777 150
341 598 225 4617 280 838 960 511 264 4484
960 451 1075 363 746 120 198 1005 788 1981
240 3082 156 95 109 254 1605 643 1988 6414
2526 8605 348 1471 571 1981 226 10350 641 233
449 5116 607 545 476 325 295 833 3587 3444
3587 2323 369 318 72 425 773 240 6905 144
4102 391 1177 2300 1028 1173 451 313 233 123
817 229 160 1370 308 2427 2725 2311 768 4301
906 172 645 1156 1058 237 5377 2506 8021 569
3617 1980 751 555 125 1034 441 1145 1337 1543
581 456 703 535 1657 2155 806 451 3734 1247
517 233 5403 661 1934 4444 295 1698 768 39
1303 1355 138 226 1729 1370 724 88 231 2311
868 2749 1655 369 811 2004 6658 748 1590 21
3082 61 1173 1092 1183 1156 655 467 777 642
1970 4529 894 77 3872 3807 238 6871 45 792
3082 641 3705 7695 6414 1005 221 363 348 1178
174 647 1058 3587 3995 11364 11359 557 452 8583
11364 766 11359 1506 201 310 74 746 325 1357
1960 3318 369 1509 109 1049 323 1698 287 225
1030 920 3082 4617 198 7101 567 3961 960 2986
3872 142 1021 3082 1145 12021 10688 504 93 1282
1542 1219 12032 135 571 1506 4617 1154 348 133
3082 916 202 6414 920 369 929 325 1015 1604
451 1564 1989 1066 1655 656 1324 1075 2321 2015
641 927 4529 1143 227 1488 445 1491 1219 511
174 3082 2155 6414 3872 732 234 175 985 2050
3013 2083 891 1075 2758 2323 1600 1173 4132 1318
4423 2103 12790 202 434 12777 61 859 451 4736
5863 3082 1200 3940 2999 1332 39 1075 2155 5862
702 1390 325 12 960 1173 2311 5088 4602 12625
871 8605 1224 3135 12032 1604 8021 172 18766 6939
3082 1005 812 1034 1977 891 3872 809 6414 1286
390 102 3293 806 12556 1468 3587 150 172 1188
1506 1542 3961 702 2406 5116 1028 1015 12032 1695
3082 648 2061 1657 295 74 369 8021 201 3432
3318 1370 325 451 4736 1381 3692 205 645 18766
1506 264 379 1030 4808 13277 1028 1910 3772 4455
3940 3082 612 538 3961 1145 3444 202 489 6414
809 3082 891 1383 10688 4444 3991 254 3930 2681
3930 1059 348 6904 742 526 2172 6905 8816 6161
10688 3082 172 8021 3187 5088 3301 6161 642 927
3082 10350 12021 12625 2153 1273 6414 1543 441 1156
767 84 3082 1028 2471 140 620 1696 4102 1128
169 1391 1005 174 6897 1471 557 18766 1488 3866
12021 242 498 4423 12790 10008 3365 5721 2749 2758
2057 3315 5174 69 6904 6905 74 735 2406 1590
489 12790 1075 3293 4423 1225 2672 1605 132 1158
12021 4529 3872 370 3082 4550 391 2245 12790 315
4423 12790 281 8499 202 1325 732 526 12021 2403
1981 12021 1961 661 201 767 4301 6939 1970 4132
2749 12032 55 18050 172 912 3082 1273 3135 8605
1030 1134 201 806 13277 349 94 12790 459 581
1970 1564 1326 1177 202 538 377 254 1543 12562
916 1224 4189 2266 94 2015 244 12032 3082 5116
345 1225 340 12790 1996 996 1977 3690 2245 4423
5106 10688 1047 142 1543 7108 1394 3835 3187 3301
1509 1394 10688 13098 927 3135 4530 781 2672 1178
3940 960 117 5918 4484 10350 315 3301 751 4423
3961 85 280 479 7108 1219 5106 4168 2323 1013
235 2323 1355 583 219 1826 6905 6904 102 2077
1488 5863 11364 2767 586 1370 428 1543 93 2400
1034 9446 3835 184 74 3082 1337 220 2042 520
185 1192 3082 439 2311 4168 244 511 363 891
390 1111 2300 135 238 345 6161 3082 280 374
4529 3082 607 12021 193 4122 456 4301 2289 1145
1699 6904 6905 1564 6981 4423 891 243 2155 12790
1600 3617 4444 545 3417 12021 133 18766 625 2085
3333 149 280 3847 1015 1013 31 3872 253 310
12790 4423 391 1145 2987 1158 1391 1061 1499 174
2406 31 3082 4914 202 602 34 5934 2015 225
1394 1787 24 2526 12021 1114 2169 111 6302 3082
199 3738 3135 4529 2311 2506 1509 7108 52 6658
6939 1145 1501 31 8583 2749 313 1696 160 184
1960 169 742 3082 225 9446 7224 5403 6280 1655
3872 777 1605 189 1488 3961 270 390 1225 5116
3082 237 618 1111 1509 3243 4083 809 4020 1145
3444 1698 184 545 1219 325 1069 812 10350 1977
4529 3961 61 2323 3082 5088 643 1183 5908 1282
773 642 1034 6280 199 10602 1193 6904 885 985
1015 4484 94 3241 5918 1509 287 200 1154 2154
9446 281 1186 6321 598 160 1506 1501 879 1600
12032 1069 123 4397 322 4163 345 18050 2122 9176
1286 31 2065 1332 970 12021 202 18766 625 4168
72 202 12021 432 535 4140 31 10688 650 201
12021 1381 2772 1989 1688 4529 184 3587 495 6871
249 325 8617 5863 138 7559 7224 1385 2928 174
3961 735 661 916 1509 444 680 587 773 496
3961 1115 1543 945 1243 648 721 57 1225 1282
655 479 648 6981 1183 224 1111 2082 571 6939
12625 10350 3135 3872 6897 184 1021 132 2045 1075
3864 3634 160 289 11054 11056 11053 11055 1541 3970
456 452 225 571 1509 6904 132 6905 224 237
12021 1158 1977 2057 1543 11230 624 2217 1509 607
3961 3872 642 960 1332 2433 253 8617 806 2872
748 1509 1030 1606 2661 1457 132 1960 3587 1394
287 536 773 1298 240 2042 414 3315 3940 4382
4132 1506 449 2772 3617 361 532 917 379 675
1115 2266 3720 1960 225 13543 1680 451 1370 3706
846 6018 2300 2928 4052 1283 1509 3073 1382 2601
2216 9176 9446 2749 8023 5863 2057 102 1132 2505
1399 766 6939 859 3587 229 3866 2749 198 18050
3872 1590 694 3135 18766 1243 2323 184 230 1986
1509 1471 871 1542 1399 138 1247 496 1578 3961
12625 1564 4529 721 227 1183 4444 479 1590 10350
1564 1286 5116 12625 3961 2323 2266 13277 4401 5110
906 3013 571 619 960 1542 88 2210 1390 4529
1509 3082 74 1066 724 12074 1186 4624 363 88
6891 1564 2155 184 6904 6905 198 4529 4020 3872
8816 4020 2627 130 2323 370 986 3959 3841 5058
1564 132 871 3333 3634 20 1699 1154 2042 225
2127 1355 47 492 881 452 4083 3690 3820 7065
4529 4132 6939 3738 4929 12770 1519 649 451 970
768 2753 184 492 6018 2045 2681 3738 705 234
457 10565 768 132 735 1115 3082 5682 3961 567
281 384 1247 8682 13543 160 137 9446 4370 4132
6897 3082 456 31 3587 2119 577 2661 766 498
4128 1105 748 4624 2476 326 891 1163 1509 1111
225 1509 1324 1192 1695 2627 2155 4529 441 824
1509 2045 515 3908 881 2169 3444 1604 456 637
12625 6981 1318 3444 5377 1509 10350 1655 82 1814
960 1381 95 121 778 1143 10683 8682 2004 982
2019 549 3293 1657 602 1355 12021 2749 15076 649
2042 2015 1324 435 651 10699 495 742 3706 806
960 4529 1759 12777 18766 1564 767 489 1383 3654
1509 1390 583 1394 9446 1977 379 3961 2042 201
3705 31 1273 2311 9446 13277 8682 1225 264 2082
82 4382 10350 492 1699 2042 6981 885 1787 1836
1977 1509 198 766 1504 10565 2820 310 457 233
5908 4140 3807 1509 8682 226 120 246 3705 3961
6897 651 13449 110 13442 9453 4469 8060 34 326
5440 2505 498 888 12989 1273 281 1960 1695 9918
1509 427 287 2403 55 209 642 3961 3587 2004
8816 18398 3541 108 273 31 4617 2086 838 1578
1564 252 390 3013 3930 5 4132 4423 2012 3961
1501 888 6897 1977 2627 4484 1355 4423 1509 4
18766 369 201 495 4624 1061 1219 30 894 694
4401 2311 1794 5763 649 2045 3212 1565 1580 133
5934 1564 6891 1964 12989 2300 10172 10173 2749 72
566 2019 2004 765 2681 2155 735 144 571 2018
241 8023 885 325 4168 536 960 3474 1996 767
2217 4132 8617 3743 225 748 2406 1910 3692 4455
2004 12625 53 1810 1382 2717 369 280 1115 1564
1183 3293 6437 511 8242 982 229 2004 538 1228
2015 4174 281 8021 1034 6228 1219 6891 8816 1509
1509 4401 8434 8816 538 1110 2320 498 586 1154
627 735 2012 1729 625 13 2499 6361 4576 11056
193 1977 2840 1058 1986 1023 517 82 2787 430
3705 2639 12989 14785 2015 5988 31 5999 308 4401
1178 1506 390 871 241 1551 120 11056 11054 11053
8682 13543 6891 281 2756 1390 1225 4385 2300 18398
748 888 93 31 440 2017 1509 3135 4444 1105
4401 1977 4576 310 846 264 571 202 2589 11527
3692 13288 12989 1286 1115 6018 2475 8479 3318 1509
4132 535 3277 432 4469 16759 656 1509 8816 1862
375 4132 3634 739 8356 3355 9866 1412 1049 224
8816 4330 4331 3585 2561 1696 1176 6363 6362 137
325 1381 495 7567 680 4331 4330 8023 768 6905
985 8617 871 10683 9250 198 2112 88 8616 5423
12989 8816 6897 502 885 208 1099 2475 1564 1934
920 1826 538 427 778 1849 12 7131 306 18398
1584 6463 2004 6981 1066 14785 1192 264 809 4535
9446 1102 1219 5403 906 523 1099 3161 1061 12777
2433 31 7949 4401 855 5999 1696 829 1200 598
2172 6437 2119 3417 985 302 3758 6810 3742 1020
824 235 2045 1074 748 843 3257 4535 2117 1380
906 4808 3617 1382 404 430 369 519 1370 1970
241 14785 891 1551 108 553 370 2216 5940 7411
375 1102 927 370 452 1139 243 2149 5934 8816
427 370 1564 3743 375 765 602 960 363 47
4301 4174 427 11718 2455 137 746 14785 1698 4576
3847 1049 706 326 4382 3460 1488 3617 6897 3930
3073 1698 2639 1509 3193 1590 2304 18177 301 427
8816 1273 137 537 2265 1729 1501 706 2106 2210
4541 202 226 16759 5403 1051 2526 4132 2569 1399
1657 310 4529 51 479 724 1177 3638 132 2952
357 198 2639 3541 3617 2211 3243 487 440 3634
879 4 12 3580 1009 35 2505 624 2042 2285
1564 1273 6437 3743 13288 1448 1960 2526 47 451
456 1977 14785 1020 202 1390 74 370 645 855
12777 1381 8816 1787 13277 1810 1488 226 1457 2767
219 3417 1967 2278 215 2155 496 3381 5764 4576
318 9361 199 226 508 1216 3333 12074 10602 3460
225 18281 571 3772 1541 1381 3862 137 1606 2154
3743 302 1219 3758 625 3193 5377 252 1099 649
1564 2045 1324 562 476 184 252 2240 1273 6399
184 3576 94 637 2004 451 1488 10427 325 1009
1977 1324 1295 562 1501 375 47 4624 2153 1303
855 10350 1564 2795 583 384 8631 4132 9486 2155
12777 310 3381 11966 3485 289 739 6437 1657 375
241 18313 906 2639 9176 1699 1355 1871 4122 323
1021 5934 361 14785 390 6353 906 2149 5940 6437
9176 18313 1183 3135 1355 6437 833 16759 377 375
1501 3916 1113 326 2042 1172 777 198 4324 77
6897 1965 18281 2717 4358 1597 1407 8816 184 2627
3847 1295 960 302 281 2526 2136 1961 3758 2320
1657 4576 1061 3580 3847 4129 6018 1000 1600 77
12777 1009 3580 1564 55 888 1394 10683 559 6280
1283 14785 2330 9446 960 1069 8816 3807 3692 272
6437 3241 1964 559 735 6813 2772 1382 6668 778
208 1047 142 4128 4382 906 4723 449 6353 4914
6981 1657 864 833 325 637 768 189 538 956
2107 5007 14785 1099 834 2136 408 108 3838 280
2569 3135 238 280 52 1219 571 3807 12 225
4052 1095 3447 1794 144 881 7685 1013 1066 289
7685 2403 1554 1219 498 457 227 230 18805 142
735 2045 9486 536 765 390 1332 6157 318 6891
4878 4879 6668 9486 2155 1419 4576 6904 94 6905
4052 8434 735 14785 12777 3417 807 4760 6161 4878
906 4052 2042 2155 4624 1517 14281 14282 5116 4591
1965 834 225 480 647 224 3688 498 8434 297
4808 1657 4052 14785 1564 12777 2616 618 496 2061
2433 363 6437 748 9 7317 1978 16165 651 829
833 302 18313 8342 1102 8343 8341 9176 8816 3580
5644 7685 8242 7949 1564 3485 6891 452 3705 1794
8816 6668 10629 10630 1011 241 209 894 2526 2216
362 14785 480 3617 225 4435 224 2085 18281 960
1273 1015 735 1501 777 1105 1102 2795 16977 61
18281 1361 7778 1590 888 2057 1331 14910 3807 1657
4435 709 4434 4436 1722 4052 1497 427 1330 6939
18281 1381 5644 3847 5746 2151 4370 1541 637 10330
6328 2042 6321 599 6324 906 6322 1960 511 4624
370 3916 435 47 277 4535 905 1252 5967 1564
906 1020 4122 4052 12 985 3381 478 18805 2323
559 1517 8356 160 1965 184 12777 7685 1448 391
4435 1836 325 3685 4434 4436 751 1722 4520 732
906 184 18281 627 12 2042 215 48 1564 483
7685 16165 3836 749 888 3835 5934 241 13288 3381
14785 1981 1551 1332 214 724 7685 3423 1020 2526
18281 1657 2077 11793 4330 4331 1219 4467 1075 7685
14785 61 18805 14831 9 1407 1960 1603 1964 566
7685 4435 2061 444 571 452 1013 1066 495 1203
1115 1521 14181 391 737 1407 18281 1102 435 6668
5543 748 390 1283 955 2172 3205 12 1273 3535
1787 7685 3916 3807 14785 885 6843 545 427 718
2042 906 6280 14281 14282 6353 1977 1005 8342 8343
4122 2285 492 8342 8343 8341 369 1657 4529 7685
7685 4435 18805 8342 14831 739 1382 4276 8341 8343
721 451 700 6668 444 2153 777 587 738 498
1564 12 555 962 591 1603 3685 571 1657 2323
18281 2042 1578 1818 279 11793 408 150 1034 3743
7685 12314 5972 2042 1965 1172 5967 512 16919 6653
149 1871 306 3836 2323 241 1172 338 9 228
14785 562 1390 8382 9265 16977 4366 4878 4879 435
14785 4324 749 591 8342 2433 8282 8343 8341 761
1383 18281 3872 7498 2403 1128 4340 1034 270 391
4432 7753 1501 6668 1965 6899 13085 224 520 985
960 864 287 11364 1409 6409 7878 7874 916 1988
14281 14282 7685 1061 4442 2042 220 1115 1219 2035
427 7498 15130 15128 888 3983 3617 1794 8251 369
1585 120 199 6322 6324 7498 3193 1172 1047 4723
834 241 6324 3381 6328 6322 982 6668 10628 18281
302 12 2153 1762 9304 3847 4189 15130 15128 16977
2042 4052 2758 14282 14281 7685 1172 3417 5967 16919
14785 7685 2106 9265 3634 8341 8343 5940 3302 10629
4435 1061 3858 220 1722 4434 4436 4324 746 18281
7498 559 1787 215 2616 1203 5607 4760 69 1517
4723 864 34 1069 7346 7345 7344 7347 1787 1762
7685 4435 2153 1657 1794 885 16165 1551 1597 377
7685 3617 302 2616 2082 161 1794 3634 982 777
401 2112 132 2057 18313 3930 1655 1663 370 1464
3381 302 1551 3748 4268 321 511 308 864 1186
4723 3916 7878 6409 1022 72 2485 3576 3827 3743
4435 1497 8341 8343 4434 4436 3748 1722 1186 724
7685 1826 275 241 2695 2295 5157 5160 5154 6904
302 1061 9265 4520 4521 3743 642 4324 555 601
14785 1022 9625 6668 12539 3552 1381 10620 12999 13001
12539 9625 12522 12523 2057 3576 11543 4426 4052 7740
2015 6324 440 6322 502 13369 6668 6328 627 275
627 2499 1412 14785 1965 2240 718 4052 4432 855
4435 888 7685 1497 241 834 6353 749 825 4436
1219 14785 202 919 2172 4435 3576 1657 1061 524
7685 241 4831 363 523 1657 777 885 12999 13001
161 479 919 2107 5160 5154 4531 1418 184 16165
8252 5157 4435 8251 805 5160 5154 7685 1729 581
7498 7053 834 1585 6891 5267 45 1891 4366 7500
14785 321 14434 11577 7685 302 15128 15130 3748 5607
706 7498 18281 370 1448 1965 435 1977 888 11793
1794 10628 7740 919 7498 86 551 2330 370 4391
906 4268 1172 6353 4723 16919 7498 124 7685 5967
7498 7685 7053 748 724 2203 4435 1061 264 295
4723 919 369 1959 5863 6981 85 210 15518 3251
6843 6321 375 706 370 982 6668 225 2015 4370
2217 302 18281 5665 3748 8252 6324 321 2330 6322
7685 919 1955 1959 1960 1961 7498 7507 501 3858
8252 7685 6668 55 8251 10620 2154 3552 2882 537
1382 220 8252 95 3552 1200 10620 3316 153 1871
1959 1955 919 1216 1961 6904 6905 1557 3685 5166
7498 1657 4723 706 3827 4576 702 2993 4720 7507
7685 2993 761 955 7862 3787 17295 310 1955 4276
7685 919 215 14972 10620 1955 3552 385 5607 4760
7685 427 7498 4264 5154 5160 5157 1613 721 4276
7498 7685 2061 7053 706 669 17295 7862 2453 2106
2061 1794 3576 4723 161 4435 1020 1616 2304 5154
2106 6905 6904 5160 5154 1501 852 1213 5917 1826
3552 10620 1584 10628 240 1022 706 15518 3275 302
7498 10620 1826 3552 1022 1319 8476 7501 985 10628
7498 13123 571 3389 706 215 1955 4755 10629 10630
2106 17295 2569 7862 6550 1970 35 479 270 702
8252 2993 6843 2335 8245 8247 8246 6161 2680 535
6385 14785 2207 9167 571 4324 17928 585 4329 2311
3389 5399 13369 5160 5154 13123 1613 341 439 3460
8019 4758 161 1818 706 2356 111 10620 10628 3552
5721 3243 2172 10473 1794 2717 3827 2285 11039 11040
9167 17928 1216 6891 1286 4535 3389 2753 5543 3916
7685 6436 2519 8675 513 8021 5175 8019 3983 35
1381 35 1826 10620 370 3552 10628 6436 12539 2164
1021 1471 765 3454 5160 5154 625 8675 1613 2311
4382 1871 11968 377 17395 520 4720 535 6550 1216
10620 3552 15518 8675 9 2217 2259 508 17295 944
10473 5160 5154 1613 5162 13912 11040 11041 11039 7498
748 8019 2164 1826 2758 270 8022 1871 706 17295
748 7685 545 5174 3302 4162 1177 1139 501 5172
4723 1959 1955 8019 452 3389 6671 919 1961 464
17395 7862 17295 6355 10473 2993 6550 5876 4899 7498
8019 1356 14972 17928 9167 1504 3331 7740 17295 385
2993 8382 3916 17395 8675 6355 14972 7498 2035 5863
17395 1955 834 1959 4723 8252 1963 5972 2077 1436
8675 8382 7862 17295 10319 3194 15231 18039 18040 18038
1852 8019 6550 4174 4723 6671 3541 11675 8020 10473
6843 8675 15518 2832 888 619 13369 777 187 5160
17395 8675 545 9 817 6436 1501 3970 1499 2909
17395 14108 6843 8675 10170 4899 1391 86 5817 8019
14789 3690 1564 13912 3961 5107 11675 1818 4012 184
17395 10170 6507 5817 17394 17385 17386 17393 17398 17391
132 1037 3205 6335 3886 1970 11968 601 7009 3413
1826 17395 11675 4012 3961 3194 4723 10620 15518 167
1871 4128 5543 489 464 777 417 7862 6321 17295
17395 8675 3413 6335 10473 8019 47 6671 377 1237
2728 11122 17395 8675 11675 9167 7634 17928 3389 323
13912 9029 2015 7498 11968 2077 341 817 9022 9012
17395 3827 1139 2061 7685 1826 742 1551 8019 15518
2728 545 2154 4064 7685 4053 11122 4539 622 3331
17395 1332 3961 11675 4012 4388 9361 6292 510 3135
3690 14789 3194 17295 7862 2758 806 748 2534 184
748 7719 3194 18817 18821 18816 18818 18822 18819 18820
1871 2728 11968 11318 3024 1826 7341 14835 1551 2077
5160 5154 1613 5917 7498 14785 5916 721 4174 2928
2758 464 9029 834 1088 2569 193 1852 1613 4064
3194 2534 1551 14789 13539 6017 619 5825 13541 13540
5721 1191 4412 4388 4064 1023 160 464 3456 1436
2758 6335 4723 13912 619 5721 721 2455 3243 581
161 3194 2534 163 1471 2717 1265 676 3275 1633
1871 13912 1852 2728 3194 7341 515 2077 1286 11318
1852 4778 7059 7060 7064 7062 7061 7058 7067 2197
4053 3447 4388 1095 6288 4063 4062 4055 4056 4061
4444 1976 508 721 5762 1308 4880 3852 2837 3205
4388 3827 2534 3194 5869 2154 13539 1787 6017 417
3194 1871 3417 13 3413 7952 852 1173 2534 6335
3413 4388 4053 599 6671 3827 4685 9029 11675 7952
3413 2211 6765 3969 2089 15518 8022 1852 8019 4291
2534 2311 3194 5107 985 12 669 2046 2427 5825
13270 13269 4880 1799 14339 1964 4878 512 13277 3413
161 4880 5665 13369 5666 1551 2077 340 4292 341
3417 2216 5107 14339 817 1173 1233 15027 1158 749
3417 13277 14789 13269 13270 464 4060 3692 3447 8282
749 5107 1976 3780 9536 9531 9532 9533 9535 9534
13269 13270 13277 2065 1799 4880 5180 8280 6764 2191
13912 3417 1852 3194 2077 289 11364 6963 7862 2717
13912 1852 2077 14339 2189 927 2191 2758 5050 8019
3135 2715 1051 1049 1191 2427 2061 3413 267 14768
3417 14789 6671 208 4174 15252 2311 6963 7012 7010
3417 132 4162 3688 214 1603 6463 4192 3639 4122
1170 4192 1436 1603 749 11675 2298 1216 8275 1927
3417 7012 7011 7010 6829 8266 6161 761 4083 2772
761 3417 8282 8276 2015 9220 1603 1306 12408 12409
1146 6161 13912 832 2077 8021 6829 3417 1523 4548
14339 5934 10702 1111 86 10616 3535 2154 3807 1449
3417 1170 13912 5573 15039 15742 15743 2470 4192 1478
5934 4388 1584 4880 2758 6769 13912 1523 4878 4879
4174 1603 15039 15742 15743 2470 1523 9361 1289 3639
1173 1687 13912 9361 834 3417 2106 1289 15039 15742
3639 2003 4174 4604 6185 10342 9617 549 426 3969
14339 2189 2311 4174 7682 1842 4529 6272 4388 879
2427 3639 3135 440 288 2003 4604 1055 2004 6476
4192 1927 1216 1504 4191 4461 2427 6477 10061 9236
4192 1216 3135 1170 3639 4191 10061 1504 4604 3535
3639 2153 1170 3417 4604 2003 2725 72 10134 10133
6463 9361 917 1162 17505 6769 1173 10240 12494 4192
2189 3639 12127 440 12129 12128 12125 12124 11692 10682
4166 12130 12126 11692 2490 12124 12128 12129 12125 12127
12130 3639 12127 1616 12129 12125 12128 12124 11692 12126
2427 3135 1170 3847 6476 1157 6474 1055 6475 1162
4529 4195 4194 6282 6270 6279 6281 6277 6271 6269
13912 214 3639 6272 3135 6282 6277 6270 6271 6269
406 6283 6282 6279 6270 6269 6271 6281 6277 4166
12115 3639 18392 18391 8729 2936 13013 16766 737 4529
4529 6272 6283 6282 6281 6277 6269 6279 6271 6270
14332 1339 6272 6270 6269 6277 6279 6271 6281 6282
3639 3135 4604 2003 1842 4192 7786 7787 7782 7784
6981 2832 4337 6469 708 5934 4192 5501 6468 1787
8729 3400 18664 8445 14950 12317 14244 14951 1461 387
18664 3400 12317 14244 14950 1461 8445 441 14951 8729
10702 4286 6981 16572 3402 10701 10703 10700 2789 12551
8729 6511 2189 8272 5180 387 6510 12106 2469 8267
14332 1339 10702 745 14333 14330 14334 14331 4529 2107
14332 1339 745 14331 14334 14330 14333 12516 9920 9917
14332 1339 2189 10702 2126 2930 13912 2190 2192 14334
14332 1339 1787 12516 14333 14334 14331 14330 745 4337
6974 6973 425 1470 8272 4461 3817 4755 501 6511
538 2930 5651 14332 3085 5656 1339 12106 1504 200
1470 536 6981 1791 16214 5809 18686 18685 18684 18687
14332 1339 10702 14333 14331 14330 14334 369 2930 14910
18684 18686 18685 16214 5809 18687 9653 4628 14332 4058
2189 6321 1460 1440 2190 858 2126 18156 18157 18158
13137 13138 13140 14910 2335 5986 14332 1339 545 451
4382 3409 2189 1633 7294 4988 10472 10477 10471 10475
14332 508 1339 14140 3907 10615 10477 10472 10476 10475
3409 10476 10475 10471 10472 10477 10474 5077 2189 14910
14910 10474 10471 10475 10472 10476 10477 3907 3409 530
5077 4329 3516 8681 8623 2207 5081 1791 15009 5079
5077 4442 5081 5079 5078 508 14910 135 5082 1791
14910 1679 8352 14911 4781 15751 1794 459 10615 986
5077 14140 10475 10477 10474 10472 10476 10471 3409 3907
5077 9447 4382 14140 4988 1414 761 5081 4442 3516
3241 15131 7169 15733 10616 47 1382 7725 6995 811
3916 5095 5098 46 86 5097 5096 2052 5758 8411
1791 5088 11904 703 5077 9314 47 9313 16006 16005
11339 11338 11340 2305 10311 5868 2717 281 773 1791
3241 15733 15131 7169 523 2661 4535 14083 14084 14089
1173 1157 1099 16310 16311 1159 1145 15063 5562 1153
9314 9313 1385 3085 1791 5088 1092 11904 1699 703
1099 16310 16311 9314 9313 1385 5562 1699 1155 5088
1099 15613 15612 15611 9314 9313 1330 3085 1385 18393
5156 7423 12349 12348 7797 3907 3588 9139 2993 4412
5864 5870 1323 803 5377 1791 16311 16310 5156 5871
17548 10271 16284 16285 10315 8476 2301 852 2717 16282
4723 18673 18672 11351 11976 2308 6369 13912 14204 3146
16310 16311 5562 1323 551 5870 5864 803 15612 15611
18673 18672 11351 11976 2308 6116 1275 11977 695 4723
14584 15442 15441 6800 2500 16005 16006 7034 1119 684
16005 16006 7034 684 252 6800 15442 15441 14584 2500
8607 8606 5105 3664 14303 5048 9449 1967 972 9446
4899 8734 8732 8733 14910 9220 4208 4781 2509 139
8607 8606 5105 9449 8613 8612 3664 972 3441 4312
10843 2982 10595 6501 10683 2639 4899 8732 8733 8734
9003 14031 14030 1133 6770 10190 3074 5442 3413 2057
427 13425 15751 8018 3404 3450 338 4444 2485 14303
9003 427 10190 3074 6770 15751 5442 13425 3413 3450
14375 14374 14376 11521 615 3915 6018 3632 2321 12618
14031 14030 1133 10843 2982 1355 10595 1688 10683 9003
1082 5175 9643 1196 1814 3462 1555 1048 17505 14737
14139 14137 14138 2633 2217 1794 1286 15751 215 123
12550 238 5667 1215 1219 5048 8018 3404 14303 726
9926 917 1145 205 1143 1159 14139 14137 14138 1157









































































































































